4 6283 6284 6285
2010
2011
608 4158 2051
414 6288 6289
608
6293
6294 6295
1
584
3 4
5 6
7 8 9 10
11 12 13
3 4 30 19 20
31
32 17
33
35 36 37
38
39
40
42
43
44 45
49
50
51 52 53
57
58
59 60
50
61 62 63
73
74
75
76
92
93
94
100
81
101
4 102
114
115 116
117 118
128
129 130 131
24
132 17
70 133
135
136
137 138
139
155
145 156
157 158
159 160
39
162 163
164
165
166
4 177
156
178 179
180 181 182
201 202
203 204
3 4 205
207
208 20
3 162 4 225
19 20 226 227 228 229
230 145 156
231
232
4
3
256
257 179
60 19 20 21 258
162 4
50 208 20
287 180
288 289
291 292
293 294
295
21 296
297
121 298
4 75
299
25
301
230
7 70
302
303 304
305
40
306
92 4
3 97 307 308
309 19 20
226 135 310 311 312
313
83
19 318
319
320
197
322
332
333 4 334
335 336
337
68 353
354
4
355 356
357
358
54
3
359 182
360
361
20 367
368 336
370
371 38
372
19 20
375
180 182 376
377
378
379
380
381
259
162 4
400 3
200
64
230 292
4 411 412
247
273
333
423
425
68 429
230 430
431 160 432
165
433
381 217
452
244
453
86
454
455
457
460
68 461
19 20 462
463 464 465
203 466
4 471 472
165
118
24
132 17
474
475
477
478
20 479
480
482
483
460 129 1
124 484 485
486 487 68 488
489 285
176
29
237
298
495
496
497
498 499
3 4 241 501 502
503 504 20
84
506 507
508
183
544 545
60
29
89
546
547
3 50
568
569
230 570
128
571 572 573
579 129 1
29
323 580 581
40
553
582 583 322
596
60 19 20 597
514
322 599
104
608
613
60
156
19
162
617
618
162 4 619
64
3 4 83
107
39
303
20
40
631 425
21 632
41 19 20 68 466 382
636 637
40
638
10
336 318
417 303 639 137
28 163
538
640
641
3 4
647
648
165
649
128
3 4
39
425
7
40
497
118
661 495
432
104
237
298
495
40
381
395 87
669
4 670 20
671 672
3
21 673
675 676 677
40
678
679
363 49
697 180 182
237
39
180 182 672
360 4
700 701
132
702 118
261 214
396
703
704
165
128
3
187
145 156
714 715
716
183
717
4
719
720 721
722
723
237
39
236
727 728 729 288 148
730
731
727 732 733
569 740
741
742 743
495
744
187
156
745 746
128
214
64
291
749
750
751 14
50
753
201
213 291
759 760
19 20 761 73
762
763
764
85 182 425
671
765
767
70
768
769
4
389 10 652
770
285 350 50
387
700
390 391
141 4
302
303 304
789 790 453
86
791
129 460
230 145 156
232
795
60
50
151 798
799 319 800 801 17
800 801 802
806
807
19 20 432 808
156
441
94
809
145 156 810 811
812
814
671
19 20
816
817
818 14
819
820
816
823 146 824 825
441 19 20
827 232
230 145 156 828
83
120 92
441 129 689 839
129 156
187
121
29
396
40
495
382 21
642
129 787
852
853 299
854
4
20
431
128 4
549
855 671
856
857
858 214
495
860
111
861
322
4
1216
882
162 4
352 886
469
281
128
556 3
887 888
592
4 889 3
890
4 83 907 121
92
908 19 20 909
910
17 690 19 20 922
308
18 187
156
923 816
929
930 931
375 391
4 177
178 165 180 182
932 484
92 19 20
618
182
938
14
939
129
675 940
941 942 129
957 703
244 182 958
959
914 960
569 740
196
642
962
196 199 52 963
14
320
20 970 4
971
666 54
998 320
40
805
338
183 703 1024
417 501 137
92
553 42
417 501 137
187
50
1035 1036
1037 1038
25
20 4
1052 76
342
1054 320
4 1055
179
84
1056
1057
1058 156 1059
1060
216
425
1061
138 1062 1063
138
1064 1065
335 138 350
1070
165 180 182
1071
1075
1076 50
24
1077
29 1084 1085
700 292 200 1086
165 118
708
759 1097 759 80
1098 1099 244 1098 80
357
935 295
19 20 385
94 214 5437
3383
671
50 703 1123 4
20 68 299
1128 855 1129 182 1130
1085 29 1131
676 1132
849
888
323 87
42
44 45
43
600 1133
1134 73
628 60
3 4
68 363 1138
165
1140 1141
1142
484
301
1143
1160
145 50
1161
1162 1163
1164
1165
19 20
220
183
3 4
962
312
25
19
693
1177
68 754
40
3
50 20 1008 1178
1179
528 1180
1181 229 1182
107
1185
1186 1187
1188
664 1189 1190
1192 1193 1194
1195
162 4
948 1196 1197
323 1198
353 120 354
162
179
1203
572 182
19 20
94 20 925
21 382
1223
1224
312
4
3
550
92
60
145 156
3 4
94 213
165
213
191 474
3 4
19 20
1225
559
230 145 156
232
60 129
183 104
565 590 93
18 1226
246 39
4
743 20
642
40
1102
100
1234
40
115 1235
385
285 336
3 4 1247 1248
195
385
1249 284 1250
1035
1251
20
608
1255 1256 1257 1258
259 1259
828 1261 50
1262
4
40
237
39
4
301
305 771
627 484
816
39 1279
259 1281
319 784
574
1283 825 1284
20
466 1286 828
1293
39
1294 1281
666 396
54
156
19 20 1297 1298
1300 1301 1217 1302 4
1303 1304 1305
1306
1307 1308 1309
1313
3
50
95
1314
935 746
1320
244
14
1321
1322
1323 1324
1325
1327
70
1328
1329
220
1330
552 56 20 471
4
195
1331
396 251
118
886
76
213
159 3
162 4
806
1336
1337
1338
19 323 1339 205
1341
1094
101
983
19
831
1343
68 1344
79 784
4 68 196 1345
302 745
652
91
95
999
230 1353
156 1354
69
60
1355 733
3 4
1361
165
298
40
1362
1363
19 20
1364 453
19 323 884 1366
1104
85
901 160
1373
85 1374 1375
165
1376
42
40
958
515 425
590
187
145 146
19 20 258
230 39 28
1378 1379 1380
19 20
312 1381
1382
1269
25
159
146
1384
19 323 1385
1386
700 15
1056
1393
182
219
1394 74
1355 733 18 1395
599
20
1396
654 557 1063 1400 382 1401
915 336
1402
350
722
1408
180 1408 182
1272 1409 3 162 4
1411 58
187 1083 145 156
83
28
417 1131
349 195 167
504 214
85 454
665
1032
538
303
1425
3 4
848
156
205
40
1431
4 1116 1441
1442
1443 1116
1444
1445
1223 1446
1056
471 19
938
1453
1454 71
557 273
230
50
42
44 45
1456 1457 54 4 50
704
1071
19 20 68 790
4
107
336
128
4 1468
95
118
230 39 1469
1249
539
117
1470
1471
908 1122
1472
107
108
50
1472
107
771 32
19 20
849 1473
690
1474 1475
569 740
741
742
925
213
107
336
497
19 68 1500
229
1501
108
1339 1502
145 146 301
1503 84
1504 1505
180 572 182 162 179
128
509
180 182
100 1509
878
749 672
3
199 1284
323 1513
107
537
4 68 1514
230 237
187
703 1515
230 145 156
1516 1517
64 1518
569
309 19 20
1519 381
128
244 1212
178
1520
417 910
1521 807
19 20 1522
127
1272
1524
1065
1525
1242
3 4
60 129 3 4 359
800 1204
417 382 1398
230 145 156
3 4 270 553 42
855
165
648
586
142
156 849 1526
4
20
1528
303 1529
1530 1531
1561 175
84
187
1562 1563
1527
29
1576
244
1577 1578 1579
1382 1580
565 83
1581
60
145 156
14
20
4
14
1584 444 409
3
1596 1187
1597
1598
10
1599 883 17
1605
1606
1607 569
1608 1609 740
1616 542
21
1617 1618 1619
340
102 141
323 722 336 1622 1623
676 229
1625
1626 1001
1637
10
137 1638 1639 1577
10
117 281
19 20 320
1112
514
1641 1642
41
1646 672
3
299
107
87
4 121 230 867 299
301
745
1647
387
700
390 391
700 683 298
19 20 1651
213
862
90
156
1212
561
191 1653
396 3 4 168 142
648
230 1520
187
50
1656
1657 1658 908
1659
60 129 3 4 359
800 1204
417 382 1398
230
104
42
44 45
43
221 177
10 104 40
1464
1679 1680
244 40
1681
104 474 230 1682
4 1683 1684 1685
396
1686 665
1687
1688
883 303
1689
4 196 159 281
1694 182
1071
1578 444
38
606
1185
933
1695
191 1696
4 237
19 20
1697
1698
1699 179
1700 14
1701
229
1527
19 20
68 1702
816
323 862
1709
56
85 862
735
1710
561
156
191 1711 261 1712
1711
640 1713
1724
1725
1726
183 60
50
21
642
83
497
303 1727
1728 10 789
20 1733
44 45
4 182
3 4 196 180 182
165
1212
156
162 4 1745 19 20 1746 1747 1748 1749 1750 1751 1752 1753
1754 1755 608
1760
3 4 40
495
390 391
20 849 230 1779 1780
942
107
336
3 4
5 6
7 8 9 10
11 12 13
1830
132 515 1831
241
141
1836
1837 1838
1839 273
244
1840 1841 1842
187
156
441
363 1843
1844
1845 1846
538
1859
1032
1860
749 1861
1862
1863 1864
323 507
425
162
1865 572 181 182
396
1694
4
237 1866
1867
1868 1869 196
1752 1876 1877 162 4 1745 19 20 1746 1747 1748 1749 1750 1751 1752 1775
1461
878
1070 179 180 572 182
214
666 1428
1883
156
1510
357
20
4
806
1884
19 20
423 1888
85 1889
423
1890
17
19 20 984
1682
1320
18 793
816 19 20 196
353 1037
129 460 60 162 4
19 20
230 382 145 221
42
44 45
162 4 1892
1767 363
742
1812
365
19 20 1892 205
864 915
203
1893
1899 19
1900 20
1502
1901 141
1901
1908
4
765
1910
128
1914
1915
536
747
1917 1918
19 20
19 20
432
549 1922
1682
3
1002 83
19 323 203 1895
557 1924
385
1925
1926 1927 1928
1929
21
95
1935 1936
27
1937
308 68 509
1942
19 20
92
986
1962
156
4
216 1873
220
370
4 1968
246 1969
942
1970
181 182
94 387
700
387
700
576 985
1971 1972
104 205 84
17
1978
642
1713
191 925
640
1989 910
700 1990
20 507
510
1991 1992
592 156
85 784
886
1863
1995
1996
291 56 672
4 550
1800 213 354
1999
180 182
38
19
378
306
44 2000 565
1604
38
230 145 156
128
701
165
180 182 230 292
183 251
2003 2004
4
191 2005 428 104 2006 683 1706
19 525
10 39
319 784
4
423
50
2008 376
165
2009 2010 156 608 4 414 19 20
2011 1745 1379 2012
2011
414
414 2015 2016
2017 2018
205 84
2019
2020
4 2021
1332 549 90
1232
195
84 19 20
195 310 1381
312
1425
312
4
20
2031
2032 3
50 21 251
1181 2039
915 336 722 537
2011
2044
2047 615 50
608 1379 2012 608 20
2048
2010 1255 2051
199 1284
19 20 196
676 722 229 121 230
25
301
291 2055 672
3
426
187
145 221
2056
64
2057
260 2058
281 1127
162 4
1080
333 177
180 182
1845 470
404
40 606
2075
683
1496 68 94
530
180 182 179
2076
4 474
1477 2079
2080
3
128
709 68 2081
165
182
396
1694
4 2087
165
2088
2089
747
2090 1751 4 1745 20 2091 2092 2093 1753 162 4 1745 19 20 2094 2095 1751
382 145 156
19 20
162 4 177
129 807
2104
50
17
1137
308
29
183
1107
50
843
2105
2106 2107
2108 2109
340
1161
19 27
2110 535
2111 619 878
128 162
179
128
128
128
901 2121
70
123
50
2122
77 701
180 182
693
145 156 878
130 3 377 453
86 2130
2131 9 58
489 2134
3 4 2135
165 246
15 2136
68
19 20 175 84 2148 2149
462
2150
29
141 2151 205 2152
25
1108
999 2153
1293
2154
2155
230 292 3 4
49
165
180 182
356 2134
19 20 1002 2161 2162 1538
323 1474
2168
2169
50 4 68 196
825
312
28
2172
120
4 385 675 676 677
2173
118
192
396
680
2175
187 382 145 156
120 236
441 156
4
2106
21 220
942
666 146
1800
2180 2181
220
2182
40
2190 107
336
159
118
2191
1527
60
145 156 460
141 20
214
784
299
382
19
4 303
453
86
244
1860
2193
501 1925
84
2195
453
244
675 1860 338
2199 307 360 2200
356 311
4 385
805
1860
2193 338 2201
354
129
382
4
1836 2209 861 996
114
1794
2210
19 20 68 2211
320
236
1290
221 460 526
40
1203
538
638 10
2213
1379 2214
2215 2216 2217
2216 2220
1510 363
853 2225
553 2226 320
3 4 68 2230
165 180 182
145 156
430 142
50 1401 14 297 818 920 2155 246 142
2232 2233 2097
83
353
2239 1866
14
1199 319
2242
472
729
2243
28
104 472
2244
2245
85
2246 2247
20 208 20
90
43
104 1063
1892
2253
2254 2255
2256 2257
2258
2259
2260
221
142
145 146
64 2269 2269 2270 2271 1715
2272
142 460 28
1558 187
156
25
2205
920
3 4 1035
165 179 230
50
1641 2279
495
1925 390 391
417
2280
2281
2282
2284 2285 141
2286
120 2110
257 214
958
2288
666 2040
852
180
182
70 169 1682
1016
2296
83
1010 819 497
128
219
2300
187
50
38
460
801
2309 2310
1688
336
2311
142
2312 1315
196 417 501 1928 137
68 2318
747
1016
50
83 4 20
76 2325
666 1820 2326
176
2173
2331
2332
700 3 200
3 4
176
2173
3 4
5 6
7 8 9 10
11 12 13
226
1
722 336
84
972
75
972 816
395
115 338
933 2337 244
92
805
675 338
1235
1557 835 304
95
121
68
20 1935
890 2340 913
557
2341
2342 2343 146
3 4
5 6
7 8 9 10
11 12 13
1 2346
2352 2353
2355
2356
2357
909
75
156
1558
244
205
1558
104 68 196
107
336 2040
2364
1036
50
159 1525
129 1160
38 460
2365 2366 2367
244
40
553 10
121
2368
165
2242
2371
2372 2040 2373
1061
1229 71
19 20 425
281 182
1198
230 2381
291 172
648
569
4
3
657
187
156 38 460
2399
20 1711 2401 1364 2402
3
2403
99
1915
2409
19 20 867 1249
347
192 96
183
19 20 2413
504
852
70 2414 2415
495 4
94
20 90
455 284 1928
1651
4 1085
178
165
180 182
2423 2424
20
2425
66 748
2431
4
431 160 1127
19
1558
4
19 20
2184
19
2433 1336 20
121
447
2434 809
2435
19 370
2436
2437
319 784
1223 2438
1863 1127 871
4
2440
2441 2442
2443 3 2444
24
19 20
120 1527
40
2451
3 425
104 177
2455
472
2456 244
182 50
1477 60
156
1114
2195
1204
19 20
4
50 20 849
230 291 2296 2464 4 676 229
722 336
417 501 137
435 444 244 460
1478
747
4 2466
3 4 270 855 1286
1623
261 784
20 68
2105 114
557 2467
87
183 1137
426
2468
11
849
319
64
417 938
3
94 129
675 940
941 942
244 2472 382
178 179
180 182 28 299
2474 2475
3 196 2476
423 556 2477
1071
1477
180 572 573 1565
360 244
1935
2484 2485 6076
213
2487
92
417 501 137
66 58
1815
617
2488
187
156
346
1557 229 58
1540 1543
441
2497
627 214
3 4 740
4 68 2498
18 385
94
2499
301
2210 270 183
1294 1464 2500
2501 2134
94 244
482 166
740
2507 336
213
1681 104
4
1836
1249
120 104
68 40
958
2508 84
83 382
3988
20 68 196
585 4 68 196
4 75
32
784
574 84
230
982 303
50 4 303 304 1132
338 2527
453
86
291
4
100
2542 2543
3
145 2544 19 20
187
156 747
180 572 182 3 4
75
79 1383 2550
14
75 20 597
771
747
68
396
747
2551
84
156
340
2552
2553
39
381
2554 2555
60 129 3 4 359
800 1204
417 382 1398
1933
428
387
700
390 391
2561 1108 565 2562
129 1882
19 20
38 460
2213
4
237
39 951
270 2222
1249
1990 1604
83
237
180 182
360
4
597
256 2572
2573 1216
4 471
230 292
301
21
665 1398
2574
3 4
2368
256
1995
38
1858
142
297
2576
1445 2577
2578
2579
2580
678 2581
638
2582
145 50
678 2583
2584
382
40
557 2591
592 561
381
60 50
1054 2592
2593 382
2171
2594 382
843
21
2606
40
2313
236
1216
2607 1528
1451
2608 648 2609
141 4 177
178 179
180 182
432
10
248
539
60 129 3 4 359
800 1204
417 382 1398
230 145 156
666 642 1056
460
50 2612 298
867 183 3 4
427 20 428 2316
156
75
2616
2617
179 4
123
2632
1283 17 92
83
40
495
10
182
50
8 221
50
42
156 39
2117 19 20
309
3
530
293 1235
2653 2653 453
86
2654
497
1425
323 884 885
2668 471
120 68 2672 2639
862
2673
29
50 213
675 2679 2680 4
118
1041
2681
187 38 460 1235
740
2270 2271
2671 123
1114
323 1935
759 80
85 1935
1098 14
933
441
433
52 1
14 942
60 4 21 258 129
4 497
585
385
1234 3
104
1616
509
17
2687
1885
793
42
4 334 396
1180 676 677
305
2690
363
146 187 129 2691 349
2692
2693 1187 2694 2691 349
60
156
2696
2697
497
101
3 4
477
402
352
825
410
2706
2707 2368 118
179 4
166 672 3
19
2708 107
336
2709
784
85
4
2710
665
390
128
323 1935
514 759 80 333 4
1935 152 1098
3 162 4 1212
156
1070
165 179 180 182
1035
246
4 343 21 2305
2725
2726
1978
2727
19 20 205 84
721 195 2728
557 299
237
1846 84
19 20
2737 2738
4
68
3 4
2755 2756
19
2757
2470 1598
91
1727
21
19
130 2759
285 2760 2654 2761
9 58 100
339 284 110
1776
1220
86
387
700
390 391
19 20
375
180 182 376
377
378
2764
187
156
553 2765
1056
3 4
92
417 501 137
542
66 58 747
445 703 2771 2772
1922 56 19 20 471
92
344
1383
2773
2774
2775
2776
455 2777
93 85 1098 80
2779
409
2136 668
2781
92
1056 208 20
231
232
2791
25
14
291
19
68 737
2799
514 2488
986
85 895 1203 1473
538
2800 2282
497
142
145 50
352
291
867 183
21
4
2488 214
21
387
700
390 391
25
3 85 230 2158
2824 221
2825
19 20
5 1302
118
1702
2827 2828
2829
14
1836 42
70 1064
246
2830
2831
244 2833 639
35
118
472
2834
1693
2835
1478
569 2705 19 20
2843 497
962
495
70
132 2844
100 21 2639
20 68 2845 574
4 196
20 471
42
3 2846 1032 1994
18 874
4 2847
19 20
423
56
68
1800 670
1946
2211 2035
2211 2035
2325
939
2848
2856
20
237
2306
2858
230 2666 1127
19
2075 4
52 432
39
352 638 10
2872 2373
824 2873 1283 825
2874
20
4
352
425
2691
2875
261 2876
354
291 2877
4
121 2878
20
40
1510
50 381
2881
858 256
4
95
1332 291 642 2882
984 1762 1554
4 962
789 790 453
86
3
665
2883
1061
2884
20 417 432
303
1825 381 2760 2654
40
495
2281
20
339
569
2887
2888
2889
2890
9 2891 2892
671 4 2038 19 20
617 39
319
2898
1504 1505
2899 2552
357 80 1381
104
29
42
186
3 4 196
2901
2902
628 128
165
1769
17 2903
244
2083
2064
2906
29
2341
1143
230 297
471
92
638
2912
2913
83
213
672
20
678
50
2441
1099 336 391
89
1621
497
2918 672
201
104 244
2506
2921 2922
42
356
213
2765
948
2923
270 771
778
4 127
2925
1248
42
784 672
353 84
40
2926
159 2927
2928
2929
2928
2931
50
2932
230
765 2933
20 2352
73 2936
2937
665
40
381
395 410
187
156
715
2938
3 4
208 20
1651
146
120 68
66 2940 391 2941
73
700 806
291
1694
2946 244
281
460
1694
2947
244 2953
2954 2010 2955
2047 2956 2954 615 2957 2958
2051 2959 1379
608
2962
20 339
569
2462
606 14
50
387
700
390 391
700
666 54
441 3 4 2966
165 246
801 428 1800
2195
2220
2970 2048 2971 2221 2010
608 19 20
671 1477 2976
145 156
4 2978
441
214
19 20 1836
507
874
10
2983
816
120
566
3 429 230 2657
1906
1293 230 39
429 159 1906
2657 163 2984 1286
39
2986
852
25 2987
432
85 2988
244 396
1293
1866
29
14
339
56
4 2472
145 156
178 179
2155
121
89 4
2803
182
14 385 179 2347
38
553
483
747
83
38
3 4 68 466
165
648
2230
180 182
2999 166 590
333
68 1063
559
220
666 50
693
665
180 182
19 20
1591
123 585
146
600
3000 825
3001
1616
142 19 20 471 166
61 2039
1933
3006
24
3013
2903
20
3014
4
19 20
479
25
230 39
85 182
10
291 292
3019
441
29 1714
441
363
3020
883 1557
193 19 20 183
3025
199 68 183
257 569
2368
3027
510
642
600
3028 3029
50
19 20 205 84
3031
3032 3033
100 318
3034
3 4
92
805
1860
1037 3042
19
83 107
85 2021
94
92 3043
21 3043 1421
2976
145 156
220
1000
3 1871
336 127
169 1387
3045 3046 2719
441
460
200
19 20 203
2134
84
518
214
2966 3047
68 509 4
3049 1496
3050
3051
291
441
3052 18 3053
2171
187
221 244
3057 3058
21 220
3060
221
888
828
3061
3062 1598
167
261 504
1871
49
165
166
3064
3065
1283 825
1500
4 1226 230 39
432 320
20
320
19 20 1486 428 3079 740
156
3080
3079 70 289 409
3081
4 177
3085
3086
232
403 177 375
28 3087 3087
232
293
3089 80
396
3090
759 80 1098 80
3091
722 336
460
3095 3096 1780 3097
323 3098
2296
44 45
43
3 4
5 6
7 8 9 10
11 12 13
4
3
2125 1097
3101
244 3102 2892
3103
156 942
3104 3105 3104 3106 3107 3108 3109
28
3110 1080 956 2147 295
1098 3111 759 3112 3113 729
187
141
1543 124
66 58
180
441
3114
3115
121
77 343 68
354 3116 1358
10
6
156
276
273 3117 3118 1099 231
187
145 156
3119 3120
1010 668 722 336
120
3127
3128
722 3129
50 39
3130 382
117
962
4 2335
672
3
441
1112
3136 244
3137 104
27
19 20
352 73 4
45 425
128
19 20
3139
186
84
1844
3 4
1327 1008
99 118
66
2760 3143
101
244
129 460
230 145 156
232
795
60
681
883 884 885
19 1397 3145
187 50
3146
353
3147 40
83
1557 2786 1836
3155
19
360 20
3156
145 246 1520
68
2874
3 4
121 3
156
942
572 182
42
44 45
43
19 20
376
4
191 1933
19 323 1204
1063 14 2657
156 142
2313 3161 1383
20
21
428 3162
3163 759
128
3 4
3164
849 1558
385
19 270 1396 783 1820
318
1771
3168
3 4
3169
409
3
3169
4 2335 199 60
156 38 460
2591
3182 387
3 4 1468
3186
303
173 3187
10 784
183 1216
3
289
259 3191 390 391
3192
810 811
29
361
3193
19 323 84
2337
495
82
129
3197 484
70
789 790
453
86
3227 2282 3228 1097
1917 1918 385
3229
335 3230
309
3089 729
187 19 20
129 156
3241 1613
22 88
1666 697 697 550
1343
672
3
178
165
180 182
553
84
19 20 94 816
3248
1327
94
3249
3248
19 20 1702 771 3251 3252
3253
230 145 156
3259
953
619
187 3260
675 2573 806
1728 3209
230 3261
64
3264
3265 84
372
566
205 84
3
97 396
237
39
121
3267 156 60 729 17
1439
220
183
1083 156
25
294
40
1396
759 80
40
1396 1098
983
810 811 1780
1858 1522 3269
3270
413
1324
14 901 729
1324
336
17
244 471 385
805 675 338
550 42
1546 501 137
58
460
195 19 20
670
3273 3274
14
3276
187
145 156
192
907
56 5
2927
549
2574
19 20
619 3277 1330
1733
2594
3278
19 20 370
484
550
3279
747
3280
3
723
1858
4
2548
183
3285 3286
441
9 689
180
231
232
19 20
90
214
156
182
3067
291 3
4
2341
378
2368
179 4
798
1286
1179
19 20
318
2325
175 3296
675 338
301
68 2193
1860 3300 3301 586
1025
44 45 507
230 142
18 196 816
1836
1682
291 54
319 20
29 4
3310
21
3313 3314 3315 3316 2004 3317
3318 19 20
3319 3320 3321 431 3322 2047 3323
3324 3325
2313 1751
3328
340 236
1995
156 1543
205 84
40
1018 156
4
3336 784
2585 3337
3338 3339 124
3340
1863
261 214 761 164
1061 1679
3348
3352
1008 3353
298
843
417
703 483
20 471
495 17
497
1451
3252 1041
21 3354
192
556
700 1767
3
792
1451
444
835
352 3363 497
95
29
20
4 745
302
3369
387
92
2195
3370
1249
4 1293 10 39
3371
3373
3374
3375
213 3640
216 38
549
92
852
20 3379
2088
2155
19 20
390 391
557 3386
311
3002
390 391
4
3 162 4 177 156
1055
165 179
182
693
181 182
121 95
672
3
19 20 68
874
815
2462
2413 3405
441
318
2313
1121
4
1933
32
3270
1398
230 29 425
199
60 2983
953
306
3045
553
2122 1698
2209 1727
3413
4
237
291
3113
244
104
3419
38 460
145 156
187
4
3424 3
128
32
179
120
259 708 884 885 213 84
3425
39 425
2153
292
100 187
3432
146
352
291 942
474
70 3434
84
85 80 3435
3436
3435
3437
180 572 182
69
3
230 1520 162
179 4
3 4 1596 156
178
230 1520
180 182
675 1860
2193 338
387
291 142
3447
1054
340
261 142 425
1137
801
73
3450
19 20
479
3451
601
270 339 3452
360
3453 381 217
180 572 182
3
246 1520 4
118
69
83
2980
475
349 3455 80
39
425
40
42
353
1199 831
1140 1857
156
1445
3 4
5 6
7 8 9 10
11 12 13
941 890
14
3460 1579 3461
1427
273 3463 14
747
32
410
372
1294
676 1430
183 19
828 4
1080
25
83
1938 396
3482
1557
308 3483 84 3484 213
295
40
4
298
4 2997
40
2690 732
1127
618 784 3489
3490
200 8
3491
3495
514
3496
553
25
3026 15
61 62 200
230
3498
4
3499
3500
801 672
3
142
183
665 3501 3502 139 58
3503
3504 502
226 3505
39
40
676 677 173 1780
4
273 251
2247
4 177
356
40
187
50
1273
3517
354 3518
1895
230 292 4 68
156
49 179 4
180 182
1016 1481 3519 917 3520
3521
156
3528
244 299
600
1080
356
54
156
1040
643
381 1001
142
196
29
102
156
2081
165 246
167 261 504 56 3 4
187
156
3 4
3532
19 20
68
3537
213
518
92
441 17 1
295
349
179 4 1500
3
1060 747
14 83
195
187 1724
111
1347
586
342
729 304
3545 382
42
44 45
43
81
230 556 3
3549
4
3559 104 3560 368 537
11 12 1712
3 244 3560 1104 537
1712
2666
20
432
17 743
495 3561
642
132 10
638
284 110 1762 466
20 318
3568
3569
358 38
1999
50 2440 538
68 538
1225
333 3571
19 20 1825 528 3572 3
552 3573
100 237
3576 1992 196
3577
983
2926
654
1016
648 2942
441
862
1000
1204
3578
1651 67 502
199
565 93
19 20 2087
237 1866
3579 320
3580 230 643
221
572 181 182
179
230 39
675 642 1126
4 177
3582
182
3583
20 550
507
50
50 3584
259 884 885
3585 3586
84
3594 304
3595 3596 3597
186
745
39
2629
389 10
333
4 849 230 237
471 180 182
17
746
232
1664
156
631
20
3622
933 5 3623
1702
214 2845 3624
550
135 375 3625
3623
722 336
497
883 17
638 10
336
50
19 20 1836
1682
3 4
2203 3251 3640
3641
1249
1114
1000 19 20 94
77
10
118
19 20 2456 4
182
460 27
3252
1094
220
441 3 4 3653 19 20 425
156
90
3654 3655
2211 10 251 606
39 425
40
3 4
237 2281 1397 2988
107
75
68 94
1018 3662
747 97
806
3665 1343
128 3 4
165
1327
985
187
146
617
2171
128
1817 525
120 1293
816
20 1085
156
2889 2720
1099
3682
244
276
76
396 251
83
1510
497
301
652
303
3 4
432
453
86
2527 789
3352
50
302
303 304 29
539
1860
2193 3685 2297
375
666 396
54
156
132 378
1994
377
689
1525
156
75
1 2313 28
333 177
180 182
1845 470
404
40 606
19 20
94
40
886
156
1054 396 19 323 778
323 431 160
1294
800
3702 1354
244
1098 80
104 759
32
3 4
683
40
1099
915
10
2709 672
4
298
3 4 3707
165
182
907
128
162 4 550
180
19 20 68 550
3708
40
244
3710
389 10
162 3711
179
701
2155
54
187
50 765
1858
3714 1522 771 471 665
4 855 648
179
3715
320
2171 1204
539
156
28
24
196
2058
1302 2901 3718
3719
569 2887 19 323 2888
790 3723
963
257
291 54 19 20 3724 2614
495 382
387
291 3725
2870 3726
3727
569 2887 323 2888 743
495
3728
858
3729 2271
4
1681
3724
363
19 323 395 410 1187 1907
244 68 2230
165
180 182
703
156
2171 77 363
2161 19 20
681 3737
883 884 885
19 20 3738
319 3739
676 1204
302
665
471
3741 784
4 471
1859 303
38
219
344
6846
50
1283 825 2373 1623
20
68
4
1865 572 182
187
145 50
75 382 83
25
345
1922 56 2184
162
179 4
118
256 1994
3 85
230 1520 3751
565 590 92
528
2397
19 323 203
1518 142 3757 3758 2837 1509 1239
3 4 1509 27 1425
49
2799 6 3249
747 50
2741
2348
40
1396
80
19 20 3765 3766
259
2006
1235
759 80
635 141 3775 654 479 549
3642 230 507
3776
95
749 3779 3780
1445
1000
340
1664
3781 1249
3782
4
20 908 1122
2313 230
145 50 60 129
19 20 177
432
1885 17
1702
958 75 1188 183 3789
835 835 835
18 470
2171
387
1056
182 672
3
460 199 824
56
1232
95
50 2705 261 3797 1866
3496
75 3798 3799 3800 3801
433
700 156 200
244 3804 453
86
14 396
302 665
385
417 501 137
1925 455 284 1928
2639 3805
2594
129 1160
145 2032 145 469 50
230 142
19 20
3812
3813
1871
3815
1332 42 4
3532
3817 883 884 1366 885
1080
701 179
180 182
3824 3825 1032 495
2157
340
1293
381
197
654 68 3826
2150
196
128
3827 4 3828
165
182
446
50
291 77
44 396
429
182
73
230 75
2870
561
50 221
1445
3830
50
771 3831
1000
349
4 1315 303
14
1054 1883
3835
1906
619 322
1198 3577
2195
340 86 3837
3839
1703 64
182 159 281
3840 3841
1725
3842 199 339
3
38 643
94
21
1361
701 179
180 182
156
128
2587 3848
4 177
178 179
180 182
387
1706
19 323 1892 884
1104
85
1724
230
145 146
3851 50
21
2488
349
867 183 1364 3852
301
883 17 92
32 382
665
181 182
933 666
4 1544
301
864
50 226 1992 2118 323 1281
3857
1121 1851
3858 1992
107
2040
315
20
4 2152 1122
14
81
3859
3860 3861
619
50 828 3374
721
1705
14
42
4
1382 1580
3868 3869
1684 304
233 1846
3 4 68 75
230 1520 83
261
128
50 19 849
320 38
3 4
3874 432
336 115
3578 3252
25
230 142
18 8 213 1558
948
156 810 811
3414
2203
678
3876 3877
309
628 84
800 3880 148
340
671
525 3881 3627 1204
20 205 1962
3642
3884
145
666 431 19
3888
95
5
118
20
312
1754 17 3889 3890 3891 3892 192
2650 10
3896
299
739 3897
3898
1728 3899
3537
3900 142 19 20
3901
2532
19 20
958 3909 3910
14
320
3911
1098 295
50
3914
469 342
68 195
771
1860
3915 5 3623
84
14
1935
759 80
1935 1098
690
287 84
90
180 182
3 4
666 396
1203
771 21
3927
1060
187
141
101
3 4
1461
507
1623
549
83 186
15
3 244 205 38
681
855
636 237
104 1284
237
2382
2709
2709
2709
2709
287 84
323 676 3445
574
4
244 104 2016 3940 3941
3942
638 9 10
118
68
380 341
4 236
805 3947 338 5 619 3948
20
191 3953
432 320
107
336
107
20 270 205 84
42
3956
1554
606
778 19 20
1045
3957
333
2225
3958 1134 3959
3960 3961 3962
3058 4 2983 3963
3966
3967 3968 28 187 244 50 867 3969 4
1358
835
915
4 471
385
805
675 338
21
10 199
19 120 68 94
107
497
1073 2342 676 229
3986
4 195 38 460
237
907 39 363
127
20
1084
3245
21 2035
3987
220
4
3988
1762
1866 951
933
183
471
3 4 80 3996
1002
3
39
425
40
3 4
665
553 387
363 45
3 4
104
1616
509
17
2687
1885
793
42
444
1885
19
4002
28
203 204
3 4 205
207
208 20
210 211
4005 247
4 68
247
549
2409
3
1995
323 883 884 1366 885
556 3425
4007 1505
18 60
156
4 809
4009
3248
2134
1845
445
4012
709
19 20
391 1324
2211 251 391
4019 251
4020
707
19 20
737
42
291 114
4023
236
1925 1926 284 1190
3 4
95
460
42
44 45
1694
182
19 20
220
221 141
1858 1522 1383
497 4026
129
156
68 1769
244
104
85 4028
303
285 3595 3594 789
4029 338 1531
244
104 2147 1978
1381
441
4031
4032
4033
4034
2171
230
2190
1397 3627 784
10
675 2500 208 104
4 127
791
303 304
14
1728 3862
619 4054
1236 214
387
488 162 4
4055 4056
4057
156
291
460
18 747
187
156
557
15
2203
557
3855
54
4062
19 20 213 84
1177
17 299 56
19 20
309 4
83 166
197
2399
771 4064
507
68 4065 4066
4 4067
142
4068
1531
92
638
84
130
333 4070 70
1591
237
39
2468
120
230 183
20
388
460
4
2171
982
721
2171
4077
219 354
42
353
2582
816 479
1616 4
3
118
3672 3889 33
4082
1598
528
2010 4087 2215 2051 104
2956
1379
608 2962
19 20 1651 138 17
68 1671
665
4092
4093 2313
4094
44 292
43
187
145 146
1527
747
281
323 1935
759 80
85 1935
1098
933
441
433
569
4095 951 19
495
19 196
42
70 4096
301 2882
3715
1080
1293
39
178
165 180 182
230 237
19 233 84
1873
4102
2399
25 4
4103
4104
722 336 4110
2720
4111 3043
50 810 811 1454
2870
244 617 319
178
165
180 182
617 585
4114
2706
21
181 1385
281
187
145 146
246 142 200
1527
3 4
1055
165
182
4 454 177
336
85 4123
722
640
94
643 722
352
2765 942
4124 2205
187
29
809
4125 811
1190
40
95
2682
84
230 319
333 913
121 4140
363
1010
1700
83
3
1558
671
183
592 4141 425
1932 19 20
4145
1056 3718
4146 588
4 2221 2048 2010
4149
1379
62
44 45
1694
182
19 20
4156
4157
199
29 4158
466
4159 3 4160
1454
84
187
156
714
69
4161
4162
860
3365 4163 4164
85 182 1138
928
4166
671 19 480
4168 4169
1473
4170
381
425
25 4 334
3784
1041
1016
3 4 339
164
4171 4172
54
878
54
878
387
700
390 391
700
1885 17 19 4173
1650
104 849 230 1682
942 2333
244
44 181 1385 429
19 2222
553
213 84
670
390 391
855
1286
1969
50 4
666 642 4180
39
4181
4182
3166
4183 4184 4185
4186
3035 2936
29
4187
4188 4189
4190 606 3350
50 633 4200 4201
4202 38 460
20
800
2764
4
3
336 236
556 1109
381
4203
10 20 855 618 784
94
497
709 3804 1942 1204
117 118
1522 14
2467
1606 37
1099 743
495
381
1858
38
4213
363 1324 84
83
20 363 719 4
3
20 1836
507
291 642 4214
261 37
4215 4216
19 20
162 4
291 216 1800
295
4189
259 4219
1554 259
4220 38
309 1917 1918 3089 729
2211
4222 606 460
2009 2010 156 608 4 414 19 20
2011 1745 1379 2012
2011
414
414 2015 2016
2017 2018
4231 3
360 4
118
256 128
2281 20 4232
4234
806 142 19 20
162 4 2313 141
1137
4235
867 671
819
4240
2587 4241
156
20 339
569
2462
606 14
1056
3 4
2176
142
3336
182
286
979 19 958 1944
3595 3594 789
101
19 20 175 3035 2068
553 42 2147 747
4
68 4250
2401 19 20 28
128
85 1098 80 120 4253
1661
323 759 80 120 4253
4254
3 4 471 208 20 73
214
298
187
29
40
1587
372
553 42
2122
2146 2692 4257
4258 4259
50
3846
3000
21 2731
1724
4260 1187 4261 4262
4
1379
192 669
672
1646
4272
336
864
638 10 29
3171 4
666 919
2997 1598
3483 4276 4277 3654 323
2647 4064
566
230 142
19 20
1272 1409
299 1235
3901
864
4278
4279 4280
431 4282 191 441 19 1070
320
4 550 2247
2305 1538
94 2727 2726
4 343 21 2305
2725
2726
1978
2727
83
1063
4285 142
356
441 4286
340
85 182
50
1045
32 382
246 39 2666
49
165 180 182
50
852
801 433
228 3290 1051
40
3653
111
495
1320 4 385
1925
1926 284 1190
353 2778
85 182
4066
19 20
2927
286
102 19 20
504
2808
83
4303 4304
4305 4306
121
4312
298
60
244
4313 104
4314
80
3518 4315
1043 80
101
19 20
241 3622 2889
878
156 2765 130 19 323 80
1836
3180 4330 759
1431
4331 4332
2203 19
237
569
1702
3622
3245
701 179
180 572 182
618
431 1515
356 670
323 2936
831
4
432
4333
4334
3
187
141
985
83
2138 816
2532 2171
111
244 9 675 58
1382 1580
792 17
4341 10
460 187
50
441
592
5
191
717
1895
120 3 4
213 84
186
182
40
1203
561
187
156
715
2673
4350
4351 28
130
19 20
2171
111 4352
4 471
385
1925 501 1244
784
4354 502
2492 501 1244
19 20
1540 831
878 381
4355 1854
3741 159 3
162 4
403 884 885
882
3641
3435
4 951
1284
323 1286
638 10
849
2371 10
497
962
617 281
985
747
199
2171 3728
303 4361
4362
1311 1712
2937
302 745
302
3369
120 92
675 3
4363 66
4364
4365 743
187
156
101
2348
4370
1063
142
94 816
165
572 182
1016
764 3 4 178 179 4
180 182
559
1080
19 20 68 196
292 4 196
187
50
159 3
1448
747
19 20
566
4381 33
4382
2921 131
4383
433 120 25
886
70
128
214
1596
1054 878
3085
4384 165
38
241
165 230
166
289
2488 230
3 430
261
187 828
60 129 3 4 359
800 1204
417 382 1398
128
2399
1085
94 180 182
1845 214
2872 2582
1817 244
1690
3474
860
20 4400 4401 27
2531
1396 1722 1820 432
4402 1863
4403
715
352
1016
3 162 4
19 20
162 4 589
356
396
4409
4410
1284
107
537 672
3
1332
4 183
195 3 20
208
84
3 4
14 4420
4421
323
120 121 38 460
354
2210
84
4 177
831 42
49
230 1520
180 182
83
4423 4424
1520
3622
2889 3901
3901
68 84 382
221 19 20 18 3828
382 600
302
303
291 54
340
191 1836 958
2925
1248
50
291 2040
20
4 182
460 4429 19
162
4430
4 1383 68
291
2020
14
4431
60
3307 145 156 767 806 129 460
1939
2341
2803
297 4444
729
4446
295
4
702
2350
1978
3
4
4462 3
1908
1383
352 123
2983
2690 111
4 474
1477 2079
2080
3
178
165
180 182
427
156
3 4 4466
14 642 425
19 20 385
84
54
89 14 842
156
121
251
2257 225
4474
19 20
4475
85 10 1204
221
410 395
298
320
291
635
582
3296
29
142 672
3
214
200 4479
107
107
107
428 19
94
20 68 94
382
700 4480
306
417 501 137
66 58 460
4484
747
214
19 20 1596
1711
2326
3
182 3
39
425
40
4 471
385
805 675 338
417 501 137
3 4 241 501 502
503 504 20
84
506 507
508
867 183 20
867 441
553
3741 901 1041 213
4495
120
1010 1339 191 479
4506
70
114
84 214
305
39
425
4 4514
303 304
652
4515
123
745
92
4
94
501 137
2137 84 27
4521
244
4524
104 196
831
320
156
715
187
38 460
203 204
3 4 205
207
208 20
210 211
4532 3313 4533 4534
4535 4536 4537 4 4538
4539
42
44 45
43
471 20
4
4544
79 182
4545 2010 156 4546 4547 19 20 414 162 4
4548 4549 2044 2874 608 4550 2048 4551
4 390 391
199 3888
1598
4553
19 20 4555 1885 17 4556
2888
213
4557
271
483
3 4 177
4558 4559
178 3583
784
784
214
831 4561
4562 4563
19
120 4
230 292
49 179 180 182
104
2006
182
3 4
128
3 4
310 4575
20
3790 3993 1187 2879 4576 2680
352
230 14
4577
4578 4579 2247
1970
4593
4594
460
4595 50
717
246 39
1054 1112
638 10
4 550
1800 213 354
1999
180 182
19 20 127
1000
175
4605 553
4606 783
1016 19 20
4609
3002
390 391 17
574
19
291 642
20 479 4225
4 479
1558
2682
417 501 137
435 17
2242
1060 8
117
118
2147 441
915 4611 4612 68
172
88
972
4613
569 2887
2888
4614
4615
1063
4616
1769
142
32
165 180 182 3 4
261 4618
230 1833
18 187
146
216
1587
806
3 162 4
145 297 20
4621
3 4
4622 10
50
569 2887 19 323 2888
790 3723
1933 428 404
1002
3901
257
24
132 1866
18
1226
1617 753
50 2075
4 4253
1286
914 4625
1598
600
299
642 1126
1224
10
104
299
10
13
968
40
417 1290
132 1866 19 68
237
219 790
43
156
3 4
92 2647
128
4635 4
261 214
50
246 292
241
20 99 561
3 4 27 2401 3496
2158
20
1900
83
3002
166
180 572 281 182
3580
3
230 1520
549 128
461
19 323 32
4643
4644
244
92
805
3947 2193 1860 338
417 501 137
1925 1926 284 4646
3 4
199 32
256
40 495
111
4 68 4650
39
156
672 3
244
84
301
1199 1525
49
697 180 182
2313
3484 1320
4655 14
20
703
1294 1464
4575 431 160
20
1836
1294
4656 333 410
2794 2870 1712
19 20
1035 114
1438 3739 550
213 84
83
1272 128 2035
4666
1800
1558
4668 363
3
83 1212
156
164
165
28 4
1109
162
3711
182 246
166
361
20
32
507
3
704
181 182
363 45
4671 4672 2760 3143
4673 4674
303 502
417 501 137
3888
2527
1943 4
299
745
983
4 1055
165
182
849
156
470 214
4683
1198
292
561
1431
246 39
951
156
2629
20
196
627
556
874
4 4400
759 80
20 4400 1098
4400 4687
41
85 182 4688
79 3911
4689
4690
20
4693
883 17 4
176
166
68 466
130
4697
259
498 4698
2442
2484 618
50
187 4
20 122
299
3352
4
1935 1641 1098 80
20
1935 514 759
690 15
4
951
1284
323 4708
3 367
336
120 2999
4 363 468 382
4712
4714
883 4715
4717
4719
4078
425
145 146
129 460 60 162 4
19 20
230 382 145 221
3 4
68 1212 4729 1180
984
3162
1762
40
381 981
1929
586
261 356
356 507 20
4924
356 14
3127
187
156
3 4
806 19 20
17 747
4
230 142
84
20
18 1293
39
1241
38 460 323 431
4734
85
68 73
145 156
2152 1122
24
230 142 19 20
3901
556 37
50 805
1860
2193 338
68 302 303 291
672
3
156 4737 4738 19 20
2899 145 297
4739 1769
333
4 68 4740 20
107
108
920
942
3 4
4748
10
180 182
165
128
2639
862
479 84 2148 2149
4750 19 20
83
92
60
20 471 816 552
40
1018
4753
4754 460 21 593
70 2682
4755 648 2609 84
4756
4757 4 205 1486
2679 203
292
70
94
156 4771
20 425
4772
97
4773
196
962
25
246 142
200 1705 20 4446
3 4
672
3
4
566
926
387
20
566
926
4777
4778 4779
204
4780
21 220
4781 1975
92
32
3232 180
1097
169 406 550
1104 618
665 104
19 20 151
3
1398
4789
1592
3
4790
4791
672
3
200 43
1203
572 181 182
214 2845 654
41
96
2991 749 1915
382
50 479
3665 4794
2837
19 20 233 84
3385
411 4795
1143 4796
219
308
4216
145 156
40
553
2347
983
100 1212
191
2484 50 4808
19 86
182 431
92
32 2406
159 281
584
104 68 195
25
17 92
1000
195
412
19 20 4809 156 4 4810
4811
1259
4811
1257
1257
323 884 885
1104
85
156
589
1774
4813
4814 179 4 118
3
4815
230
1825 363
19 20 672
3
4816
182
42
4817
1203
3 4
1080
178 179
180 182
1332 42 20 68 4837
709 196
638 10
1562 463
336 600
445
303 304 4838 55
4839
303 553
42
44 45
182
19 20 4840
193
864 914
4845 4846
495
553 1343
3 4 199 237
208 20 196
4847
4848 4849 1866
2532
20
417
915 428 1339
244
27
20
3 4 2152 1122
910
453
86 4 4852 1204
1942
4854
2879 1713
2281
4855
3715 3 4
4858
648
156
182
1137
1002 21 166
865
146
246
40
120 1978
208 20
71
20
318
1878
741 4864
230 2657
2173 19 4871
553
507
4873 3487
455 284 1928
1651
699
477 104
21 759 4875
237
1
29
25 4
124
56
117 118 597
2991
1008 4877
145 156 1646
862 817
4878
4879
201 385
1686 91 1051
4880 4881 1693
671 19 4882
1242 884
668 1220
1116
901 4883
4
68
1800 1802
430
85 784 501 137
289
66 4886
10 1651
2508
4887
759 80
1098 80
4 20
90
455 284 1190
676 677
675 4892 4893
460 3911
4894
20 471
156 4901 4
44 181 182 200
4902
4 550
957 319
303 304 600 1132
417 501 4903
24
94
908 1122
301
1860
2193 338
2325
909
4915
4586 50 1820 3988
271
4916 4917
19 1116 4918 3290
4608
1558
4919 1224
4
4614
2856
20 68 205 84
489 3
156 142
3 162 4
19 20
228 229
2122 17
4817
4922
220
230 221
244
25 19 20
4
291 585
4925
340 396
4926
935 1098
574 3 4
301
230
982 303
4928
60
382 145 156
867 441
299
261 2039
3166
25
230 142 20 196 166
1691 303
352 699
129 3 4 359
800 1204
417 382 1398
230 156
1070
3 4
4934
95
638 10
883 17
19 20 205 84
4939 4940 1109
2347 1800
162 4
83
70
1510
497
244
120 291
195
1510
120 195 166
90
4
661 628 54
2500
4949 2397 199 824 20
4950
553
213 84
2550
90 1187 1397 1713
4518 812
261 214 1247
165
1071
1195
4
70
302
4119 304
553 42
417 501 137
323 319 784
638 10
1785 381 606 699
553 985 180
306 4954
4 385
417 501 137
117
118
2431
1041
120
1108
3034 4642 4216
4
3
4959
578 4960
199 60
29
4080
18 101
1442
2874
291
441
340 1116 68
1800 4967 670
1946
4968
156
20 4064 1281
3622
2889
569
4335
2348 10
19 20 84 4972 4973
4974 4975
4976 4975
3855
21
39
3197
50 1558 1796 4 4977
4979
1054 4981
145 156
4982 4983 4984
559 50
162 4 3 4
5 6
7 8 9 10
11 12 13
20
428 4986
1868
4988 425
183 244
747
747
50 183 4
1098 80
759 80
549
387
156 550
2591
3252
435 4992
4993
90
455 284 1190
1651
1925
4994
4995
553
9 535
1970
145 146
4998 4999
5000 229 5001
40
2173
4 5002
230 39
3 205
1558
381
19
68 1954
1199 759 80
1098 80
1032
182
19 20 1032
182
1010 538
5014 2368 244
179 118
1994
25 244
339
648 5015
68 2870 816
19 20
183
683
5021 428
5022
565 1544
738 2190 244
2020
230 142
118
479
5025 5026
914
2568
5027 5028
1616
463 39
193 3 4
4575
25
312
20 378
5032
1820 5033
270 618
4640
298
495
3 377 784
5037
3 4
5041
5042
704
572 182
360
828
3245
5043
5044
3 4 550
92
68 339
5045 3276
5047 162
179 4
118
256 1994
3 85
162 4
19 20
3463
2356
199 5048
5049
5050 5051
21 220 2487
20 1085
831
507
85 182
5060
333
4 3654 10
70
652
303
1631
39
4978
675 676 677
5064 613 5065 19 20
92
5066
432 5067
2532
18 73
569
2171
77
3
2125 1097
387
671
3711
182
129 349
743
538
3
654
84
3 4
5071 919
92 4
213
20
94 503 199
40
52 432
1320
708 431
244
182
42
3032
596
251 606
50
3019
5074
38
509
556 569
21
5075 1885 1122
4 20
372 1098 759 295
5077 5078
2592
585
837 156
5080
2540 5081
584 19 20
120 2146 396
1203
181 182
319
311 5086 5087
4 5088 1303
2048
1379
62
4550 5092
2215 5093 2217
84
4 471
1016
84
20 471
5094
244 600
52 423
165
5096
178
165
180 182
559
352 381
2399
49
165
180 182
301
142
237
39
5104
2845
289
1860 338
385
805
983 5105
132 4910
860
68 886 4
187
556 3
381
514
933 5107 5108
1935
128 387 1366 885 425
3855
83
1084
54 432 56
50
666
4910
363
5112
1680 5113 5114
1097
938
4
94 129
675 940
941 942
460
1978 856 585
5115
709 196 180 182
3583
230
205 84
159 3
2125 1097
90
50 141 91 5124
39
19 20 68 600
5132 913
19 20
375
217
229
5133
5134 5135
19 740
951
1978
1703
460 542
2341
296
514
14
759 80
152
1935
1098 80
3 4
5 6
7 8 9 10
11 12 13
3245
244
156
20 1226
39 84
960
29 1056
18 1293
39
3 338 1531 471
243
3518
303
5141
298
495
381
395 410
14
19 20
130 2759
285 2760 2654 2761
9 58 5037
20 5148 333
4
107
336
204
183 1992
97 5150
320 38
2564
70 5151
5152
377 574 38
704
1071
1578 17 159 1833
230 39
156
5157
340
14
3 4
1293 230
50
951
10
5158
553
2399
182
95
21
460
5159 187
3812
5160
5161 1800 156
387
1816 4 241 387
3813
183
1199 942
5162
1195
432
676 677
84
1780
5163
878 5164
4 70
702 784
837
2347
765
118
124 5168
141 20 2456 377
182
5176 4064 5177
17 1852 10
5176 471
495
5184 19 20 205 907 3035
127
68 2462
606
19
1815
933 1016
1888
107
336
338
1382 1580
856 501
1288 284 2934
221
20 886 319
1080 5190
4 704 182
19
2075
230 2657
20 3077
3
1116
920 2202
50 5050
5051
5192
4365
351 5193
183 4
2075 3846
5203
671 985
187
19 323 1820
759
390
783
5204 84
5205
21
5206
2368
179
497 230 948 1714 504
4
92
1056 2281
20
231
5212
938
19
5213 214
95
4 471
4466 9 10
5 118
9
2462
5223 5224
3772 3350 5225 5226
21 5227 5228
141 5229
193
49
60 29
69
354 425
89 60
628 1854
5230 919
4 40
2211
675 5234
156
19 20
85
356 14
497
1327 878
1641 5238
1527
2190 85 643
156
230 39
340 199 5244
86 619 898
32 382
5245
690
444 4446
3
4 503
19 20
14 385
1203
182
50 453
86
86
3741 3891 5247
666 2594 1496
2371 91
5248 2851
5249 538
180 182
360
3 179
162 4
100 553 1343
19 20 1070 1294 1464
1885 535 298
495
5255
5256 156 729
25
28 19 20 5259 4
182
1836
2138 5260 507
5262
1002 4196 284 2934
2119 926 38
2125 1097
64
5266 187
156 1187
183 5268 167
3
1127 2242 167 4
613
1555
2599
5269
5270 28
4
4420
1510
1820
205 84
5271 5272
4748 247
4817 816 1784 5275
156
28 76 76 76
104 68 466
648
19 20
700 216 3
85 237
676 4489
805
1860
2193 338
2173 4
1098 80
20
759 14
20
5283
85 80
636
4
302
303 304
638 10
495
37
600
642 460
4 1127 230
259
145 156 1085
4 195 180 182
165
124 1160
50
68 2081
165
182 230
1212 166
628 128
1646 951 4
20
395
1495 5286
292
2281
20
90
455 284 1190
1651
22 2690
666
4689
3574 320
1836 4 213 354
2313
195 431
1845
180 182 672
3
1025 883 884 885
1104
201
120 5301
187
29
175
565
291 810 811
183
5303
557 81
21
5305
145 146
128 901 80 5306
1098
1165
759
29 1646 600
5310 5311
5312
5313 1454
5314
3238
5315 5316 425
50
671 5317
483
1706 4
199 32 382
2639
1248
2440 2942
2010 4794 5321 156 516
1379
2047 1379
389 675 10
244 652
303
1631
86
387
700
390 391
700
363 94 816 395
1922
196
117 1036
811 5328 38
291 642
20
319
833
4
561
4 849
56 5333
2441 1882
246 145 156 177
1525
21
310 349
5334
60 129 3 4 359
800 1204
417 382 1398
795 1283 1680 2881 5335
3365
357 670
21
1001
539 5336
130
259
3252 1190 3278
5338
9 17
497
104
5340
5343 5344 5345 5346 2047 5347 5348
433
89 5359
25
146
5361 2875
297
90
538 4032
4
2320
14 5364
180
21
747
180 182 3 4
179 4
92
128 84
9 17 187
5374 5375
1581
19 20 5376
284 784
20 4
867 441
3 5378
811
244
5382
5383
5384 5385
5387
27
5388
19 20
183
1520 2184
743
642
261 5389
219 104
90
75 244 2211
2020
221
104 68 1978 259 87 722
2834 3043
4
68
5230
230
1401
435 444 2976
809
907 810
187 5399 156
40
19 20 428
25 20 196
128
4
244
2690
385
805
1860
2193 5402
5403
4203
5404 5405
357
20 1116 722
5221
1713
922
4817 4
1694
182
5406 159 281
561
20 5407
784
638 10
118
5408
85 784
230 2441 3723 1001
156 244 5148 104
2942
1597 1032
5412
5413
1592
2122
38
4743
5427 19 323 884 885
1104
4
2462
156
1320
472
3915 1281
599
1108
237
5028
382 5435 5436
156 382 3 162 4
514 2781 19 20
276
5437
4164
1283 825
3365
5438
402 39
104 466 800 114
982
665
208
700 5443
291
354
403 104 238 5444
50 21 61 1187
441 827
689
156
21 901 130 131
2211
503
25 19
162 68 196
29 28
979 19 20
93
1978
4695 4 672
3
21 1116
2190
187
3 156
20
853
100 528
619
867 183 4
4
132 4097
666 431
208
1992
4 693
2542 5449 507
291 1978
2759
291
3045
619 5450
20 370
3045
19 1397 203 205 84
5453
5454
60 129 3 4 359
800 1204
417 382 1398
230 145 156
5456
5457
5458 244 5088 5459
2221 5460 5461 2051
1379
19 323 203
5465
1446
5466
2999
933
951
2969 39
40
237 816
92
299
145 156
608 308 2051
4809 615 50
5475 2047 308
5088 5476
281 1486 5477
3
4
102 19 20
504
2808
83
4303 4304
4305 4306
230 142 187 349
835 1212
145 146
303 805 3947 675 338
501 137
284 1250 2639 2912
91
2171
1388
5482
162
1865 572 181 182
396
1694
5483
441
19 20
2991 5484 2409
1510
298
5487
5488
349 187
137 91 54
431 1515
381
1442
5490 5491 5492 5493
183 244
28
5494 648
569
100
1071
9 17
145 156
156
20 68 1212
156
360
4 3654 133
182 68 276
2173 4 177
182
3375
5497 1762
5498
5499
2926
2203
729
214
1216
295
5503
5504
5505 159
38 460
5506 860
3696
1427 4381 33 5507 1187 3343
5508
187
156
70
4216
49
299
50
5510
4078 5450 14 485 14
251
2260
3307
319
20
4 73
5513 5514 5515
3179
5516
25
301
539
2937 460
121
3561
1712
4950 5517 382
2171
50
68
19 323
4184 2105
2508 3385 5521
5522
5523
5524
4005
1284
2401 1866 951
132 515
4 352 2562 286
70
642
4
3
5525
387
700
390 391
700
205 84
83
219
4910
4 466
1286
230 2158
19
4071
1199 619
700 45
181 182
196 20
561
191 5535 809
1054 2629
10
709 180 182
5546
664
19 323 219 2113
4813 5552
1544
2075
5553
21 5554
187
50
273
759
627
1098 5555
5556
93
19 20
3527 85 5558
163 1464
1054 2592
2593
3369
2171
2594 382
431 39
20
191
800
5562 833
1454
4693
5563
276
76
396 251
1016
38 5564
3765
19 318
319
320
197
322
19 323 1443
43
145 5566
213
723
1330
5567
14
1098 80
759 80
2341
2803
446
298 303 230
1056
4
14
132 4097
128
514
1641
4
14
700
3812 5569
528
5575 733
1083 156
3 4
208 20
90
298
5576
5577
92
2451 771
18 482
747 922
156
39 425
244
104
1057 10
3252 2039 221
60
2365 3171
1008
852 19 20
3599
391
3826
5582
120
339
56
182
237
22 39
628 339
20
5583
425
68
80
70
201
5584
811
2884
3855
60
145 50
100 1895
530
5586
495
410
759 80 387
1098 80 387
2125 1097
128
182 5593
220
441
5594
387
1080
4 466
864 648
2155 179 5595
3 889
5450 4795 5597
4780 4780 20
5598
4
50 9 17
9
17
1073 5599
387
700
390 391
700
20 3496 19 20 790
248 5601 5602
5603
619 5604
778 230
261 10
2756
693
25 1124 1531
1531
259
5606
4816
182
672
3
42
44 45
43
1332 291 20 507
5613
85
182
84
3 4 466
5597
648
1895
49
1000
4
20 94
5614
5497 709
4310 665
2342
484 5616 5617 2673
10 1868
5618
3622
1885 5619 2225
19 20
187
145 156
259 5620
3117
460
3 1085
29
178
165 179 4
180 572 182
92
1203
182
19 20
6033
313
128 4 983 19 20
3790
5622 18
5623 5624
1647
107
537 675 1780
318
2211
50
1016
441
4
10
70
1510
497
298
672
3
199 75 2281
20
5626
1046
85
191
21 382
700 303 304 700 745
460
10 765
948 3641
5634
1464
951
10
4 5635
572 182 246
5636
5637
251
1249 284 1250
3578 1248
1259
1259
5638
1379
2270
4149
3492 2010
1133
5645
187 3 4 156
135 5646 1339 1508 19 20
303 849
230 2467
942
417
40
433
19 323 885
396 363
377
722 336 4977
675 137
5648
71 530
244
5649
5649
5650
1320
3265
2364
195
104 196
771 68 2462
642
606
5618
1816
230 39
50
85 182
460
3 4
5656
1978
5657 460
205 84 672
128 19 323 203
453
86 5659 453
2675
5660 370
483
4
20
4468
231
232
3117
50 1160
4
18
55
1762
662
5661
666 3
2190 20 1871
5662
1000 4 1871
84
2931 5663
2640 5664
5669 3172
291
1116
4 359 303 770
453
86
385
805
1860
2193 338
835
2209 861
745
120
2203
5675 1190
1185
261 1132
92
4196 284 2934
2119
389 10
979 3 4
406
4020
3595
5680 303 229
24
40
5684 5685
85 1098 80 323 759 80
19 20
40
2211
2756
5687
130
19 20 5689
507
5690
507
5691 19 20 68 196 3622
2889
5692
84
396
1212
178
165
180 182
5696
985 236 4
886
3
744
24
3 4
165 2846
1694
572 181 182
9 17
1477 587
156
82 60 5705 5706
60 816
120 3259
187
50
2211
340
213
5708
1320
507
2401 5712 1513
104
291 54
221
244 417 501 137
5438
200
20
83
168
21 10 13
805 17 19
2584 3724
19 18 404
638 261 10
4
2997
230
709
441 2401 4032
5721 10
83
4729
365 308 5722
50 5620
1534
5723
648
179
214
128 162
391 1324
259 5731 5732 2038
230 156
5733 5734
1320
18 793
816 19 20 196
353 1037
19 104 5743 3 244
572 181 182
5744
319 784
638 10
187
156
349
219 4080
192
5745 231 5746 5747
162
1098 80
1010 80
759
5750 729 5113
137 5751 825 5752 5753 5754
5755
21 261
156
4 52 432
165
561
433 1 192
230 561
156
68 1212
339 20
1591
120 4817
102
5133 19
3 20
244
1910 1557 919
89
162 4
83
70
1510
497
50 2986
747 4
5762
44 45
1032
182 4
104
569
2889 509
77
1885
914
230
75
54
156 2718
195
19 323 80
14
664 295
5497
539
352
495
20
722 336
141
908
93
719 4
3
223 5767
4 318
21
5771
349
178 179 180 182
4 806
671
3450
3988 5779
5780 425
42 4
356 3139
816
3
549
387
700
390 391
700
3 4
784
553
1102
19 2467
5788
3622
933
2508
2110
3 4 68 479
4225
479
83
385
5797
353 84
21
5801
1133
336 1969 322
187
5802
214 180 182 4537 179 4
128
648
165 230
79 3385
162 4
159 79 3385
162 4
1706
37
78 432
156
693
186
2313 5807 5808
291 5569
128
1371
94
354
14
130 3 377 453
86 2130
2131 9 58
20 2335
441 38 1180
3352
104
935
320 191
2926
2211 251 244
4
236
2492
1926 284 1190
754 985 3570
4
20
1052 76
342
849
3
5826 1083 1587
1056
142
60
156 238
2104
50
120 587
4691
14
2366
5827
3117
5828
187
29 933 214
441
4254 2184
19 20 1544
390 391
17 831
281
2803
387
700
390 391
700
671 5835 5836
4403 5837 553
183
20
191 219
1702
569
3622 618
5838
50 387
700
390 391
700
19 323 230 4123 425
5846
2242 867 441
4381 2572
1272
244
14 3812 214
128
1000
5847 1845 5848
3098
4655
20 855 431 5849
549
3642 3880
3 4
162 85 915 336
19 323 368 335 336
107
336
2296 289 14
20 2931 518
4
908 323 909
94 5853
504 909
922
50 810 1505
8
565 809
497 322
5859 5860 5861 5862 19 20 5863 741 675 2484 2079 5864 17
5871 5872
19 20
37
345
5874
187
50
1002
2122
409
111
6
230 145 156
2313
60
129 1939
5877
50 5878
2157
402
230 1018 949 2039
942
460
4119
145 146 5882
347
729 304
196
1906
370
3750
557
19 323 2021 5885
5359
162 4
4 849 3
1398
395 111
84 5891
84 85 1008
19 323 80
343 186
747
592
4
187
352
19 323 883 884 885
68
3817
460
747
5902 5511
5903
259 453
86 4988
5582 5904
3 4
90
5905 2068
1557 5906
184 2079
68
5907 1171
64
947
303 1190
2369
303 5910
3911
765
3489
187
50
5835
244
867 441
1127
3 4
466
118
640
142
675 5914
295
293 5916
5917 729 5918
3476 3880
50 187
146
84
3739
628 128 2991 749
5920
5921
2403
84 85 54
1226 39
186
182
156
363
73
5930
68
3988
56
187
146
831 2765
180 5931 182
377
339 179
118
5932
29 244
933 815
3622 52
1868 56 1871
5936
5204 301
52 809
5937
1871
199 3842 5938
403 425
495
525
4
230 1542 3
678
920 2155
230 237
382 5435 5436
156 382 3 162 4
514 2781 19 20
276
230
2529
354
5944
5828
5945
553 387
363 45
83
5947 2760 2654 4054
765 1041
2759
20
4 70
1052 76
2441 349
5952
5953 1324 162 4 19 20 1917 1918
747 1914 309
289
382
1332 1457
747 747
3502 139
92 261 1249
1534
1616
129
3595
19 20 678 68
1800
670
3290 1051
35
166 244
549
2350
387
5963
295
1226
39
1706
395 410 20 1085 957
4717 107
3 4 385
805
1860
2193 338
385
183 251
1006 2330
4 191
4180
951
237
39
230 3492
617 833
10
4 180 182
2155
244 1311 10
1631 338
453
86
528 5985 528
129 5986 162 4
19 20 183
1994
230 156
382 145 619
5990 156 4547 162 4
19 20 2047 5991 414 2365
5993 1133 5994
5995 5996 156
42
958
5997
173
5998
10
356
20 849
299
6003
38
4
1616
19 104
4609 509 382
1885
68 84 382
128 19 323 676 1204
6005
6006
6007 2047
5990 156 4546 4547 162 4 414 19 20
291 642
5835
54
507
1294 1464
4
4181
431 160
195 166
6018
39
951
162
1845
178 179
180 182
2441 1882
297 334
1691 1557 835
6028 1557 835
118
2019 237
666 246 237
6029
725 246 1520
1070
1171
1381 3640
244
40
2190 107
336
159
118
19 20
5723
182
44
6032
582
50
2020
5801
179 2040 6033
276
76
396 251
5245
361 4
1935
1220 6034 6035
20
1935
5545 6034 6035
6037 230 237
593 432 320
1705
5617
6038
162 4
70
302
303 304
1836 2209 861 6039
114
5634
6040
396
678
6042 163 182 648
6043 425
29
6044
196
6045
196
4
1842
3001 42
44 45
1694
572 182
1733 20
4 19 20 908 1122 193
352
6048
50 423
1868 1869 246 2136 5526 2107
1293 550
2019
17
2348
6049
291 642 672 3
104
4225
495
1885
1849
2348 675 10
1534 6052
3 4
5 6
7 8 9 10
11 12 13
1
38
84 2709
1016
20 68 1978 4
722 3
6054 6055 699 6056 284 1190
6059
6061
539
303 1631
497 750
50 6062
336 5634
107
39
3 4
10
2879 6063
180 182 179
6064
273
370
29
94
2134
5891
4 2851
561 432
6067
382 14 6068
68
3455 6069
123
5704
60
228 50
19 740
951
1978
1703
20 876
3 4 466
648
165
20
84 5423 475
21
801
83
6073 5405
244 1348
1910
4
1098 80
323 80
759
1320
5104
4113
561
237
39
4072 1906
178
75 382
381
2399
1616
19 20
25
6087
20 2038 10
2202 4889
535
4203
2202 4889 6091
75
1451
6092
201
29
182
85 453
86
700 292
1102
303
6093
1332 452 291 5569
4
2173
363 1557 919
356
20
703
507
652
303
387
700
390 391
700
20 6094
141 1187
864 3402
6095 507
816 6096 6097
6098
19 20
396 6099
14
742
3614
141 1320
20 370
2436
3724
261 784
2552
4
20 908 1122
2313 230
145 50 60 129
187
145 156
6102
2000
4754 162
191 2230
180 182
308
68 6105 20
6106 129
382
2765 6109 142
19 323 3385 84
377
94 6111 17
94 6111 17
19 20
6112
156
104 3627 789 6113 6114 1426 6115 6116 6117 6118 2776 1927 110
351
3846
1800
291 642
432
825
435
441 2035 3026
20 1294 670
182
431 1127
2479 6123
173
942
107
537
237
1045
939
68 1002 6124
349
4
39
425
40
50 1160
606
60
156
83 3 4
6127
1179
128
3
6133 107
729
709
319 104 107
336
497
25 132 860
6134
77
477 50
182
38 244
704
159 182
9 17
68
179
6137 6138 605
3 4
672
20
3500
6139
6141 229
5027 1131
637
403 90
6146
5027
49
441
217
765
6148
50 2291 19 20 3212 951
2874
244 68 94
3461
6150
318 2673
1397 729
4
1865 572 182
1032
19 20
933
21
4 205
303
553 497
816 4064
3518
2401 923
784
3715 654
1845
6159
6160 433
100
601 901 6160
100 197
175
71
19 323 1008
4 334
6162
831
1975
120 1213
2190
19 20
40
237
1866 1604
196
357 585
28
3 4
35 909 6163
6164 985
19 20
1925 909 6163
19 20
6165
3909 3910
6166 706
20
68 124
56
1473
1473
19 323 6171 1542
6172
4817
183
6174 1418
2158
39
84
5359
2705
1284
1873 160
4
606 704
572 1187 179
1540
559 584
4781 913
20 4064 1464
17
1702 6178
3251 1464 175
84
6180
6181
3 4 2472
156
6187
10 39
178 179
187 6190
50
549
549 6191
17
40
417 501 137 4
118
97
1427 264
336
1311 10
309 1917 1918
3089 729
1571
4
1865 572 182
1032
19 20
141 1866
665
6199 186
1688
336
2311 2657 2925
50 244
261 214 701
165
180 182
1071
85 1780
676 677 6213
2584
6215
301
867 183 4
76
6217 318
21
303
200 21 203 84 19 323
867 60 19 20 553
428
20 1651 138 17
68 1671
665
1671
3
20 177
1070 1464
6222
17
121 518
37
121
4 177
178 179
180 182
1705
6224
1445 273
1140
50
6226
8 2379 6227 6228
20 962
1336
89
703
6234
6235
50 4 205 84
6236
3642
432
2473
771 199 5948
156
5075 6247 2104
3735
1199 2892
107
336
25
1096
2296
381
6249
4
21
6252
3424 3
1816
187 816 1684 6264
1249
333 471
301
39
683
95 166
425
162
1865 572 181 182
396
1694
1137
145 156 129
6267 6268 3 4
2342 2781 19
574
1395
6272 783 1059
1070 592 6273 1464
525
460
550
111 666
6274
6275
83 19 20
6279
675 6280
1613
6166
592
5497 1762 1237
259
370
94
1065
561
6281
453
86
3 4
6282
50
883 17
6296 340
2104 3213 3
2983
3484
230 864 888
4 471
40
299
50 5565 2909
983
20
1715
800
169 170
680
6299 4673 2039
28
1751 6300
19 20 6303 6304 6305 162
6306
60
156
186
20 1544
6309
2247
20
4
3336
409
3
979 2171 3
6311
67 502
1976
1510
1032
1288 1925 284 1928 50 244 1327 778
1288 6319 6320
14 142
5554 1679 6326
5372
84
5513
2587
1442
19 20 3077
2484 1379 3688
5481
1083 156
318
121 2122 1680
200
1109
3284 6334 85
1140
460
495
1000
120
127
244 2467 219 2113
621 75
83
18
6339
196
5 142
4 1596
1070 179
2087
938
1000
14
1769 3 4 1981
883 1557
165
582
162 219
6348 320
5050
178 6349
180 182
32
1281
1885
19 20
27
1885 17
6350
179 4
2406 20
340
1332
366
1016
20 619
2243 19 1871
5080 2134
2041 4
4 809
284 376
195
6363 303 304
388
301
28 4 196 6367 6368
661 4668
220
21 258
2242
983
130
19 20
2184
1865 1650 2385 6369
4 68 75
230 4613
381 592
352 1220
1713
70 382
984
230 45
675 676 677
128
1000
132 4096
605 6376
339
2974
1903
40
19 20
556
2203
69
145 340 1293
1866 951
4 600
2195
237
39
219
19 323 884 1366 885
3817
2373
1229
1283 825 6381
40
6382 19 20
3707 3 85 182
4816 672
3
182 20 83 907 121
889 180
4 3575 504
759
80 292 3245
6385 124
396 6099 295
21
6386 747
4
68
702 3
95
132 666 585
387
28 2172
6387 104
497
183 606
83
1448
310 432
2803
39
747 20
4 73 382
1651 2442
84 120
301
19 20
100 21
141 759 80
1098 80
120
784
128 4
6390 197 19 20
1109
670
214
213 117 6392
70
806 128
180 6394
165
2348 4 5799 983 1647
3
2440
120 92
6403 425
5 142 19 20 1226 1907
1866
5618
6404
118
672
3 4 183
665
6406
128 661
120 1816
1973 6408 6409
308 425
50
1320
70 6412
2564
246 39
20 341
4 233 84
5553 409
391 3
1598 29 1445 9 914
1562 1563
425 9
60
2138
3 4
39
425
7
40
128
557
1646 4064
4
1865 572 182
1032
19 20
32 2035
3496 4
382
50
390 391 1454
180 182
741
460 6421
2657
427
20 2820
128 661
121
370
6422
4881 1693
1290
1932
2803
1216
156 425
120 49 4
100 241 20
566
2966
54
104
831
1464
1332 42
2006
2033
260
182
507
1758
1270
261 142 1283 1680 6428
2184
248 249
275
9 10 13
86
387
700
390 391
700
4
216
681 447
697
4
2341
378
2368
179 4
798
587
2056
60 3 4
3796 156
21
3496
301
21
251 6430
19 20 4813
507
6
6438
101
19 20 2468
70
759 80
6439
6443
2397
39
340 6166 1124 6444
156 142
1992
216
2190
6449
94
705 590 93
19 323 883 884 885
1104
85
40
805 1860 2193 338
1666 697 697 6452
336 417
639
501 137
642
1427 6453
85 6454 229
285 284
652
1698
909
825
178
165
180 182 1290
618
561
42
44 45
43
6457 6458 1008
4537 4 4537 4 6459 6459 933 6459
14
19 1397 2382
2364
44 45
1203 310 182 1187
919
10
3 4 230
3711
179
441
1056
3842
3 4
910
617 39
29
25 3254 19 818 1717
3446
2745 3247
244
27
395 1863
6488
244
40
1220
86
1713
70 382
984
425
333 85 572 181 182
25
363 396
1203
19 20
4
20 191 6490 833
6491
18 229
771 2247
2599
1000
19 20
432
4608 4608
4608 4608 4608 4608 4608
20 205 1558
4 205 4225
4 4253
179
54
470 214
798
4 805 3947 4516 338
638 6497 66 1024
291 733
6498
5995
4 6500
587
156
4
3 435 17
200 2976
60
19 20 68 3957
162 4
1071
179
4
1098 80
20
759
2355
729 6502
6503
933 19
133
1520 825 50
219
747
4 385
1925 1288 350
549 84
3889
340
3 4
3812
20 1332 3812
1364 84
323
213
6525
1401
191
501 40
281
145 156
230 281
21
747
145 469
856 501 137
68
435 17 4
390 6529
3953 35 303
25 4 68 1954
2640
195
417 501 5032 137
19 20
196
92
2705
39
553
160
1000
979 19 199 3283
6534
1728 284 1785
186 1065
4
130
556
230 556 3
1242
6535
68
1527
3 85 2136 668
230
2006
867
6538 535
162 4 118
1700
388
390 391 6542 6543
1932 1379
192
1932
608
6552
864 6553
1061
2872 1229
1283 6554 825
795
6555 6556
19 20
92
1056 208 20
231
232
2791
5837
1320 19 323 203
1327 425
771 363 1978
4 20 54 4819 6490
1016
441
6564 76
179 828
2406 226
356 292
1914
2691
28
104 244
1871
186
901 3500
19 20
6569 1018
907 4
81
1045
237
25
357
6570
1229
29
2997
40
142
3 4
92
553 42
417 501 137
435 17
104 550
874
849 363 948
244
44
201
1203
244 6576
39
283 661 128
17
237
39
3 4
27
10
665
187
784
6578 6199 186 1244
1056
6579
2705
3796 156
180 182
1302 985
213
3 4
671
6581
187
230 145 156
563 29
4 6586 6587 1702 2033 6588 3319 6589 6590 6591
3319 6592 50
291 642
831
2757
735
6576
914
4 196
385
417 501 137
66 58
301
1000
64
495 382 6597 6598
50 6599
920
4555
353 460
213
942
340 5002
1866
163
6600 237
14
260
585
200 8
4 432
453
86
115 675 1860
2193 338
19 4
237
39
21
319 672
3
3484
860
2872 1283 825 3197
1800
576 816
428 38 460
4
182
433 40
948 3463 428
5436
84 1800 4418 6607 5491
3 4
700 919
200 1705
214
666 6609
569 2887
2888
4614
4615
1063
4616
141 6613
1378 1379 1380
589
2488 83 19 20
312 1381
1382
1269 6614
25 3 4
40
381
1528
6615
1040
406 6618
184
556 17
84 4 1604
556
142 19 20 5885
349
3277
6626 1290
6627
104 385
6283
1065
6629 1065
244 385
284
6630 1065 100 188
196 1203 1065 1929
672
3
208
460
39
6631
6632
25 3910
693
50 84
2297
6633
6634
1171
40
3019
156
68 417 1660
6636
40
21
55
6637 6638
38
377 352 553 1401
4203
230 556 3
6639 68 14 668
50 20 471 21 91 650
83
6647
3290
6648
5 118
979 403
5564 4064
445
199 21 251
6650 221
92
92
83
118
38
187
156 84
101
19 20
167
396
441
6653
2230
180 182
1212
156
1080
320
3 4 191
4 19 20 83
197
466
933
654
553
1682
6655 87
311
187
50
6656
381 217
1400
2019 6658 6659
186
3
592
6660 835
19 20
3599
3826
5582
391
715
441
1922 56 370
19 323 567 425
378
85
4005 1871 1242
6662 244 6663 608 2044
2047 6665 156
68
291 1557 919
71
276
76
396 251 4
1126
4 27 84
244 6669
6670
6671 6672
44
20
1728 2296
942 38
6674
6677
156
6199 186
183
6678
14 292
42
92
1000
1712
1065 430 909 1464
4
14
700 3
2125 1097 200
179 85 5503
1327
648
431 160
156
2348 19 20
5799
6683
68 831
3577
141 933
1706
92
805
338
6685
2356 6686
40
4
4195
409 56
6687
75 4
6688
20 765
6689 2500
525
389 10
666 812
20
1070
3490
20
395
4
3496
3496
3496
128
6692
585
219 363
3487
1706
2803 1286
672
3
199 1284
107
2988
20
4 805
1860
2193 338
501
1651
19 20
6696
68
1800 670
1946
303
85 6700
120 92
83
32 382
107
292
352 237
14
292
472
4 855 648
179
572 182
1220
4978
675 676 677
2966
390 391 230
1338
19 323 1339 205
1341
1094
4 979
199
1065 6709
339
17
6710
19
291
811
19 20 68 196 289
1836
617 292 4 385
299
195 180 182
261 657
17
6718 572 182 5932
260 6719
178
165
180 182
427
156
3 4 4466
14 642 425
96
460 187
238 141
430 700 811 806
349
4
3
13 9 10
10
8
199 6727 3645
60 1083 156
4 241 455 284 1190
323 1717 6728
864 84
19 40
358 87 38
1999
27
6729 5418
291 2134
177
244 1121
1364
6737
382
182 1281
50
6738
10
431 4282
50 1332 6739
4817
549
3724
183 21 2035
286 6741 6742
2211
503
25 19
162 68 196
699 2640
340
432
186
6743
4412 19 20
5179
1336
24
20 754
6747
1281
68 509
85 80
1910
6748
557 483
666 80
83
910
19 20 342 230 507
942 4064 3
156
70
302
303 304
471 291 114
273
2592
3 4
700
665
671 19 20
4 21
76
2441 2487
4 68 474
156 3582
182
3 4 849
230 39
642 1126
39
40
68
6760
340
737
4 5617 21 166 95 472
4082
1994
377 181 182
396
1694
671
6764
187
156
6766
2171
4 5910
299
6768
471
1510
497
83
251
4
2158 453
86
6773 3227
1097
460
92
85 909 1675 3283
485
6780
6781 6782
203
3482
260 2399
20 471
44 45
182
104 1596
4084 6787 6234
709
6788
1294 1281
784
642 2753
319 784
295
2639
636
1290
286
683 2242 341
75
6793 5669
983
1000
816
312
884
323 1366
205 84
3425
4
68 6796 20
271
1591
765
3489
4416
2369 68
60 244
642 1126
173
340
3000
390 391
166
4
291 320
100
95
3
747
4
4077 19 20
3416
6805
90 455 284 1190
1651
6806 404
2401 6807 1064
382
137
3842
6808 19 20
6809
128
6810 5780
2473
4
666 114
95
191
3 460
4 1127
6814 213
6815 104
230
50
2173 4 177 1293
39
1409
29 810 811
1836 6822 6823
220
148
183
3 4 205 1558
208 20 205 145
2104
146
549
19 20 184
52 1070 382
40
54 1070 382
784
6829 6830 6831 1240 6832 3058
828 6834 2048 6835 6836 828 19
6295 1647 20 6837 6838
6836
1259
1216
94
4
640
100 843
237
230 39
1715
4889
666 320
40
19
183 3 4
25
1080
2230
165
180 182
985 90
14 4794
199
1108 221 221 141
84 6846
700
884
19
735
884
323 1366 885
3425
683
100
2983 884
104 233
864 6849
6850
2818
84
289
83
2173
587
3759 460
145 156
3 4
19 20
6865
4152
5037
1646
145 156
549 553
388
3 4
19 20 908 1122
381
559
221
20
1597
933
1935
1510
285 537 1032
6790
6868
460
1070
1281
569
3772
741
2406
128
214
1767
182 164
165
3430 142
553
319
1557 156
4 6871
414 20
396
183 19
27
19 20
270 2239
619 6875
20 874 701 709 180 182 542
44
1032
915 942
1425
3011 4
1871
2020
1045
1102
120 1995
1836
19 20 1900
156
3
128
3 4
697
6880 6881 180 182
128
94
244 241 6882
230 561
141
690
146
6884 84
6885 6886 4188
68 299
1456
4
470
1212
432
165
569 187
94 3715
84
14
145 340 1715 1863 6891
6892 3108 2508 5 942
244
104
17
21 6893
10
460
10
4
6
3252
672
3
199 1284
208 20 68 196
1706
38
187
145 156
191
32
40
5500
349
159 2927
6896 2879 2442
4894
2638 350
4 2442
676 677
20
800
20
935 382
3724
29
1863 352 6898
3830 1857
666 20 1198
20 636 1888
291 6899
4 1063
864
21 40
1985
1179
4 1634
453
86
6082 6900
4069
303
128
1733
80 5077 1117 6901
432 320
915 828
2401 6902
2039
20
6906 3 85 6907
68 6908
6909 5747
6910
232
6911
100 83
6912 6913
409
259
3
4
3 479
33
4053
479
2352
4 94 417 501 137
671
20 58 1705
20 1651 138 17
68 1671
665
6918
68 1671
3
3
671
244 6919
187
923
1209 425
21
3496
6920
6922 425
1000 5526 729 340
129 806 2056
120 68 671 19 20 6923
1995
2038 4
983
8
50 810 811 1454
460
6925
1454
6926
3 4
666 642
163
2312 778
1686
665
68 3846 5751
21
6930
715
29
187
145 156 425
199
6932
238
38
1999
20 2278
1281
1294 6933
6934 1680
358 19
676 677
576
339 6846
6936
6939
6491
6940
19
54
237
39
3607 3245
156
40
561
14 241
6947
6948 6949
837 1016
2290
6950 2193 4503
606
60
549
6951
244
104
6952
5930
1071
6148
141 221 4 39
40
10
652
4241 1203
336
2242
4
556
221 298
2281
20
21 495
10
244
104
4002 6962
4575 142
183
19 20 1116
666 2021
693
6963
6964 6965
319
1060 849 320
417
1975
118
550
25
417
672
3
19 20 196
1438
1198
94
75
83
6969
743
495
298
6970 1895
1571
6971 2211
4
6970 20
128 3365 1283 795 1680 5951 2040
156
6226
676 677 2040
6975 6976
29 2310
92 3218 6098
84
6977
180 182
3 162 4
230 1520 179 4
2211
811 4
123
2286
867 21
1137
50
382
1587 382
6985 423 4691
356 6777
3 4
701
165
180 572 181 182
4
20
790
50
784
237
39
237
293
6987
561
4
230 858 3
334
858 857
553 6989
230 556 3
187
617 806
765 5594
666 246 237
6029
725 246 1520
1070
1171
1381 3640
244
129 38 460
6995 6996
230 145 156
3 162 4
514 2781 19 20
676 677
1116
7001 251
1700
4
363 919
20
7007
308 425 678 7008
7009
6729 7007
572 182
19 20
68 195
230
70
303 304
298
672
3
104 233
800
319 784 3685
4
983
19 20
2820 7014 643
7015 7016
298
68 7017
2903
172 4
20
2169
428
479
7019
601
141 19
1520
3116
7020
7021
3390
3 4
3953 19
504 199
683
68 94 205 425
4 1085
141
178
230 1520
180 572 182
20
2456
4742
352 1925
501 42 890 747
4 20 908 1122
910
428
7028
83
145 297
261
1725 7031
661 17 867 1040
1109
6006
5 118
3218 642 4032
3218
2442
671
441
1679 3
142
298
2298
569 2887
2888
569 2887
2888
569 2887
3081
296
3
5925
182
20
219
319
320
1080
4
68 1443
569 2887 19 323 2888
790 3723
963
257
510
1425
187
3 156
186
28
5113 747
4
70
3028
213
549 1104 323 883 884 1366 885
85
627 17 75 4
3
381
5497
1762 1959
1361
2281
1381
75 7048
3578 1248
471 4
20 471 10 1353
2202 4889
4032
10
2488 2110
141
2203
3
94 166
7055
642
104 514 333 1762 4621
627 484
7056
142 123
2286
7056
1825
3058 2671
2548 60
561
29
986
7058
244 453
86
356 396
94 2527 6117
1185 338 7059
396
120 92
2171 77
213 84 19 20
7065 4336 733
60
145 156 129 1939 7066
308
2365
4 127 84
385
7067
675 676 784
6454 784
117 118
3501 14
3574
3972
7069
380 192 20 114
636
380
85 431 160
2657 3564
20
7070 7071
42
518
230
145 50
276
60
21
129 1160
230 237 7072
2889
7073
1593 387
915
50 626
284 17
132 853 3339
801 20
19
352
700 303
381
2076 2654
29 20 867 299
432
1431
84
7080 288
102
1922 56
38
141
303 38
1999
142
1231
303
617
4
39
40
244 1063 1041
7085 1190
3218
453
86
6056
2450 1554
291 703
121 423 261 17
806
5364
263 320
557 754
7091 19 20 18
1108
19 20 1784 2068
318
381 860 6199 186
621 622
4381 33
244 584 84
5526 7093 220
7094
4202
180 182 179
4537 4
180
704
50 427
25
7096
3739 2369
340 299
825
7097
1558
25
38 460
82 6387
301
123
175
768
642
299
890 339
4 7099
1510
675 336 1032
2467 3937
1248
291 2055
3 4 1596
3776 178
165
1929 180 182
167
4655 320
648
165
182
156
999
561
237
39
818 1769
49
165
180 182
19 20
320
1290
538
2397
50 4 7108
39
86
336
127
1320
19 20 68 1682
4 196
385
417 501 137
2986
7110
50 709 7116 676 677
4515 7117
5953
3252
784
5126
1332 874
2349
17 60 7120 68 939
933 1706
85 182 1994
852
1865 7121 7122
1700
1016
19 323
1364
967
156
44 182 7123
20 1085
195
312
958
982
7128
4 471
301
1686 91 1051
175 4881 1693
213
1860 244 460 867 339 104
843 28
42
17
417 4556 145 340
1332 42
4656
3723
4551
2047 2010
608
608
128
3 4 241
165
3455 6069 19 20
7142
39
92 1226
20 1127
390 3385 19
1653
6061
7146 4794
156
19 20
1474
4420
352
2657 7152
7153 3
1259 7154 7155 7156 20 2980 1134 7157 7158 7159 7160 7161 2984 7162 7163 4 7164 7165 1256 179
142
1587 631 7168 244
1237 7169 1083 156
291 7168
70
302
303 304
92
805
675 1860
20 1933 84 56
1520 743
4474
19 20
4475
85 10 1204
4
22 1327 3
986
19 342
1002 553 42
417 501 137
435 17
64
19 323 507
4 1032
182
874
339
771
73
1018 4355
20 2794
454
4 7183
299
721
323 885
3817
85
883
104 471
44 45
244
244 195
3374
665
84
5554 569 195
3374
741
7192
121
89 1397 40
553
1102
68 299
1320
5108 70
561
1179
7196
195 530
1327
1918 1436
138 284
455 138 284
7197
233 291
586
132 10
13
5721 10
2462
92
805
338
4
2591
528 1232
38
4 68
5491
25
3
441
3 4
831 42 179
1225 186
156 100 177
4613
417 388
390 391
257 1925
187
145 156
7207
156
7208
7210 162
179 4
118
256 1994
3 85
1054 1112 4 385
4362
17 2568
251
1216
19 20 385
4362
17 2568
20 7214
1427 1426
683
25 3545
1288 12
338 2527 2087
2755 4852 229
3 4 75
299
25
301
230
7 70
302
303 304
38 1703
159 281
704
1185
141 19 20 18 68 1836
1682
182 507
68
1438
17
1056
1224
864 7217
4 2675 432 985
7218
19 20 7219 985
128 19 323 114
128
1000
40
7225
50
40
357
100
7228 186
156 6677 553 42
589 83 3 377 784
417 382 1398
6430
915 1453
7234 5747
333 4 127
2925 284 2912
142
40
747
281
301
1779
15
387
700
390 391
700
291 81
3290
2833 1051
617
1844
4881 1693
4
4 3578 1032
7243 1244
390 391 535
244 628
299
7244 303
39
20
4 1293
19 20 2137 84
2150
196
3
1032
182
356 2158
6893 121
24
1116 7246 7247
2253
100 1895
747
281
92
319
19 20 68 790
5788
2296
7253 7254 1702 19 20
19 6586 1702 7255 7256 85 7257 7258
661 20 7259
608
608
4
182 237
39
10
205 84 1212
356 2382
165
572 182
104 342
230 507
700 80
159 52
999
257 179 4
1203
572 181 182
232
4873 50
4988 1905
291 303
85 1366 884 205 368
1397
852
236
1396
3 4 1057
40 1398
1889
117 118
40
4 127
3937 501
270 2467 1382 1580
1382 66 7279
128
25 4
20
948 1143 7280
342
3
672
3
200 43
1203
572 181 182
214 2845 654
816
312
884
323 1366
205 84
3425
935
6576 4365
915 7287 6576 292
441
747
4
68 183 986
3425
19 20 7289 230
1294 1464
601 535
283 186
901 3500
553
483
372
297
21 4080
403 6438
675 3880
1008
121
233 2818
6849
84
7292 2326 1725 7293
1836 2209 861 6039
114
1794
2210
64
907
90
104 471
7296
417
538
553
68 339
257 68
1506 4 7299 7300
2044
7302 7303 7304 2044 5459 608
2038
165
2155
2135
181 182
431 1515
180 182
360
4
597
256 2572
2573 1216
592
381
50 1445 2934
3780 1857
1166
341
156 56
68 75 4
3
200
19 20 25
883
884 885
1104
187
50
4771
953
121
749 851 104
2705 244
39
1769
39
323 883 884 885
1104
3 85
71
883
38
3 4 68 75
230 1520 83
261
128
159
666 214
100 4734 569
145 156 381
228 229
60
1283 1680
7318
556
193 20
68 2705 17
556
128 4
1974
360
132 7323
471
640 191
244
39
638 10
237
39
20 818 107
7324 85 665 784
1040 363 643 19
19 323 7330 862
1545
2406
2706
4066
3 4
35 909 6163
6164 985
19 20
1925 909 6163
214
14
3003
1204
104
7334 273
1543
4064
6339
156
867 441
18 539
1866
2368
179 4
54
749 216 1486
3052 735
70 382
883 860
84
193
2230
180 182
1026
2706
514 2038 85 676 1713 107
306 2184
142
145 156
21
49
3589
915 2508
18
1817 4883
17
145 156
49
60
50
375
7348 15 1329
5933
273 4
553 678
7350
7351
1220
86
175 84
1112
461
460 3077
1339 1187
2668 7355 230 1294 1281
2889
7356
7357 1097
495 382
230
145 50
276
60
21
129 1160
41 141 4 7360 1107 2582
7361
7362 675 676 677
938
2784
273
94 4
120 180
3788 75
2675
1868 1869
700 3
42
353
244
181 182 914
7366
5022
3
592
2833 639 183 845
39
2682
156
191 285
3081
7369
7370
7058
432
92
432
107
1527
60
689 54 854
308
345
675 7373 1598 425
933 1272
162
2409
2720 453
86
4 68 429
7375
237
10 3085
165
4688
3500
4 471
2203
1598 3245
17
142
553
244 104 156
2765 14
7378
1473
20 68 348
2296
1858
50 6941
843 3452
19 20
2544
514 729
3
2125 1097
469 7381 208
1798
24
5874 7382
1445
68 938
7383
7384
50
569
2887 1010 2888 951
495 3561
642
509
1978
356
20 205 291 7385
216 4303
163
2808
49 3 4
4071
7391 237
230 39
983
68 92 4
3489
2079
68 70
73
145 156
1527
425
120 1576
549
347 19 20
7397
1489
831 7398
180 182 672
3 162 4
360
230 1520 179 4
128
19 20
107
7399
7216 619
477
7028 7400
849
2612
50 20
381
395 410
85
183 251
2879 410
1445
1664
141
883 17
509
341
4921
5 2158
3 4
640 878 156
441
342 426
4
7408
20
41 96 102
230 145 156
142
1854
340
2039
187 29
1332 42 7410
7411
156
3715 257 4
7414
915 3254 1229
32
247
3715 21
25
173 3187
146
3003 4028
1064
40
20
4
1347
396
343
121 68
145 156
852
790 4 5405
100
1943 20 50 6777 1443
1443
432 319
2312 1443
784
1137 7416
129 5986 244 104 50 228 2039
665 91
303
305
509 2147
2184
3724
340 54
864 1733
7417
1885 569
3622 951 815
495
7420 298
7065
7423 141
1045
20
1204
7424
536
5690
271
19 20 195
44
1032
85 572 182
19
7204
1364 425
507
5498
1294 1281
2532 244
539
303
91
2372
2371 2582
340
7429
50 5565
1213
1108
19
7437
3
225
291 2055
19 20
162 4
156 425
3 4
14 4420
1557 919
700 14
7447
1283 199 60
50 425
617
71 4365 3483 1706
221
538
1859 244
1203
213
308
159
2927
83
40
21
1653 1522
320 20
107
336 795 7448
107
108 2040
3352
1647 19 20
858 256
7454
21 2368
1700
25
7455
309
4
17
20 68 1002
3
4
237 2158
107
7456
1204
19 20
1018
7458 7459
214
982
111
7460
7461
187 244 299
1525
237 642 39
4253
256 7466
237 39
2369 244 7467
121 7468 5080
855
1343
5307 1851
1917 1918
145 297
50
729 304
4101
3
676 677 120 576
538
553
7472
2584
3058
20 213 84
1177
5113 1177
40
3 162 4
676 677 50
104
291 54
20
7474
4 1715
2169
2058
7476
7477 621
187
29
230 288
141 205 4734
4225
38
7479
2441 71 4365 1700
4
183 4
1943 4
1203
1510
538
495
1
41
21
120 690
5177
2105 7490 535
7491
3622
2889
7492
81
352 94 7493 3877 3011
7494
948 7495
100 40
1587
1534
145 156
19 20 1127
40
557 471
19 20
559
124 2657
7501
915 886
2342 38
25
246 142
200 1705 20 4446
3 4
672
3
4 68 7502
230 3624
7503
7504
230 39
985 479
90
301
302
303 3869
19 20
195 1985 56
137 137 1358
1478 1985 2726
286
569
3622 2889 1711
7505 2450
1431 7506
722 336
2342
7507
722
7509
7510
983
40
247
178
129 349
4186
4187
666 5336
1992
1527
3178
425
901 2193 1054
7520 191
1320
1063
14 39
54 5002
230 145 156
4
20
396
232
402 39
104 1226
163 800 1888
3500 7522 395
132 1882 1623
38 460
2203
187
39
425
40
672 270 205 84 2647
7528
7529
319
1445
50
824
1682
7218
697
510
349 7530
104
7532
291 507
1294
1281
291 2134
68
20 1527
1203 182 942
4 50
7540
5354
551
7541
120
455 284 1190
1651
5545 7548 699
350
64
196 683 1706
683 1706
38
569
2705
495
20
495
934
49
3577
5479
183 387
142
7558 82
20
700
142
50
25
339
4719
3489
7564
177 432
7565 3337
54 219
4
7576 1293
39
123 19
5301
648
6349
182
70 2682
237
402
25
1845 1895
17 831
915 680
4 178 179
180 182
983
191 7583
244 94 678 91
606
5263 4881 1693
3980
606
7584
7585 7586 4575
1224
146
68 7587 3496
244
7588
141 4 7590 237
530
2629 460
530
2173
3826 17
7599 835 67 471
7600
391
1935
403 2254
835
1281
828
3 4
5051
2243
156
182
666 214
831 229 320 1180 7601 5177
89 2484 618
146
40
230 7602
94 19
2754
1104 884 885
323 2158
4780 1895
85 507
182 1924 2866
2325
1542 3
703
156
229 7603
585
230 668
80
2288
3437 19 20
7605
20 191 233 601
19
569 740
741
951
495
52
7606
196
118
1836
3054 214
3055
180 182 2155
4
20
288
230 156
1962
665
228 2039
60 129
67 4903 2442
10
6199 7613 187
156
2039
1213
2190
187
145 156 956
5192 7616
7617
7618
7618
7619
195 1286
19 20 68
84 387
291
10
298 1056
107
336
1780 28
396
7622
7623
7629 187
156 84
7630
7631
3580 7632
5797
4020
7633
1242 2271
1237
7634
162 4
92
553 42
417 501 137
435 17
220
60 20 427
428 425
156
4
291 77
1836 42
509
165 180 182
196 166
176 4 831
1975
25
40
3 4 100 1509
878
49
165
230 39 4
191 196
1353
2134
292 19 20
291
7639
68
1800 670
1946 203 1801 7640
128 3 85 7641
128
396
4698
128
5921
128
1905
4 299
681
68 432
2991 7642
29 1616 382
672 3
20 1116
94
784
7644
10
460
7646 10
19
49 4
7648
197
7649 20
54 7650 7651 7652
39
3 4
1234
2870 4430
460
111
1825 556
5901 50 85 230 247 6199
382 665 7638 5226
306 7654
690 19 20
49 771
183
7656
7657
205 84
159 3
2125 1097
90
441
244
3574 466 1888
299
299
837 2390
180 572 182
3 162 4
230 1520 179 4
759 80
20
1098 80
3 4
5111 146 460
7658 7659
1527
4 20 156
18 40
747
281
244
21
425 648
165
1071
2349
404
5901
10 4
2320
13
7665
20
42
44 45
43
141
5 313 7668 156 340 70
5801
216
681 1063 549 244 7669
50 7670
291 7671
789
1286
1623 2196
291 431
20
4
1705
1656 1108
4216
1283 825
3365
156 1127
4 68 70
1510
6348 320
860 49
165
709 205 145
2781 205 1558
84
7672
3 4
156
281 181 182
319 20
14
340
569
460 83 574
744
7673
549
5032
1596
178
2155
360
4
180 572 182
431 1515
4474
19 20
4475
85 10 1204
4
40
302
1073 665
115 338
29 7676
64
301 538
745
68 453
86 1097
3 4
5 6
7 8 9 10
11 12 13
7680
20
6061 425
4891 6061
230 145 156 7684 914
244 163
1339 6029
1224
848
600 104
3898
2881
666 642 20
230 39
7685
784
104
4
20 908 1122
2313 230
145 50 60 129
32
19 323 4644 293
2288
852 7686 20
100 1002
19
1543
156
29
276
3251 5564
7687
312
4429
3284 50 646
156
132 515
32
5582
506 514
2211
19 20 56
356 2134
403
678 1294 1464
1444
237
938
396
237
2196 7691 1281
2312 175 7656 114
865
654
654
25 4
14
460 168
123
665
5177
17
497
381
395 410
20 471
915 7704
3 4
693
156
178
165
180 231
3548 2134
2034
4 7705
4780 5656 2514
7706
3436 867 747
4 7708
3162 56
1500
3
549
22 7709
85 675 1442
677
699 350
1203
50
216
1108
3 4
230 5086
156
665
3 4
301
652
233 84 4
409
333
5 118
4 2087
2166
39
20
19 20 375
56 4 94
678
50
958 4852
7725
10
441 7726 7727 7728 5986 303
173
363 10
7732 536 7733
128
291 156
3
291 1343
339 3452
165
3 4 1715 1769
431 160
7740
162 4
25
70
652
303
1631
286
771 4882
6762
19 20
193
4 196
7748
417 3252
73 7750
1554
3889
38
187
50 1562 7753
128 1209
3
1545 551
244 3313
1309
1301 608
7760 201
128
17
187
145 156
7761 320
68 187
1235
2352
7353
14
259 7767 2582 1383
678 425
221 141 7768 41 6430
68
381 860 101
19 20
5050
878
148
1988
676 156
7774
722
50
569 2887 323 2888
951
642
495
24
20 196
801
102 4
342
1199 665
1347
7779 429
538
118
1762
244
7780
303 2468
971
435 825
7781
996 5906
4057 835
4 576 2488
2488 576
14 849 1554
7783
1212
195 180 182
179
68 3414
349
230 142
6
7406
94
1008
2171
7785
17
824
361
1860
229 5753
120 7786
7789 391 187 50 183
49
142
60
145 156
672
3621
3011
5 281
28
2907
7791
7792 2010 156 4546 4547 162 4 414 19 20 7793 232
795
7794 615 7795
5618
3622
1885 5619 2225
19 20
19 20 878
2106 18
191
68 1212
441 340 4400 7798 6111 295
42
6319
1510
825
83
1854
183 7094
4 2038
2281 20
19 479 4225
4 1935
884 885
935
146
7128
14 849
6792
68 1002 441 2647 939 816
1445
21 7600
323 884 885
1104
3 85
42
576
1045
2754
816
747
19 20
747
7805
732
700
390 391
700
4 385
417 501 1244 137
385
4196 284 2934
2119 926
2125 1097
85 778
791
303 304
1203
538
213
3595
6972
87
4 701
165
180 182
1071
7815 17
2348
214 84
4 1720
1284
1010 337
1104 336
336 368
4 1063 1041
2211
503
25 19
162 68 196
4
88
17 200 25
553
291 3
40
5497
984
460
142
1000 377 1008
25
1978
807
19 20
382
2409
381
4355
303
2190
340
1133
7825 608 750 5734
349 146
7826
1016
68 381
1001
68 2866
237
2401 39
3 4 19 20 7847
60 145 156 1262 129
104
244 958 745
230 39
1576
7850
19 20
1651
862
759
7853
470 2134 403
73
1364 271
1990
7767 2582
828
709 431 160
10 2866
84 7624 878
89
295
1817 5077
1108 4
38
20
1554 68
42
44 45
43
2296
20
4 1212
178
165
180 182
470 214
1320
735
3245
377
1203
572 181 182
187
50
64 933 291
2468
187
4720
5168
1495
183
441 19 20
3704 7868 3352
129
514 1099
7869 7870 162 4
19 20 162 4 1259 19 20 2011
1379 7874 7874
32
1520
951
495
618
1860
2193 338
396
7882 2171
4 466
1905
195
3385
1109 417 195
3
2574
19
25 7885
1409 857
5966 7886
1002 427 19 20
3246
1010 809
1851 376
7887 1474
20 7888 85 271
5245
2342 146
104 221
497
962
495
497
962
281
193
298 75 382 417 7899 5032 137
703
1024
309 7900 7901
306 4715
1427
129
372
141 177
7903 7904
353 3846 7905
6454 2753
3593
4 385
7912
1580
196
38
141 199 237
1866
237
107
4
432
3290
7913
985
123
552 56
187
60
29
20 7914 1958 4816
182
42
44 45
187
145 156
4 19 7915 4306
208 20
556
747
453 70 530
187
146
66 7917 391
723
86 228 2039
4119 7921 7922 7923 7924
525
92
50
10
1060 617
4363
84
3179
957 642 264
4
958 3447 7028
454
3937 3290 678
747
187
145 156
230 142
230 291 7017
104 4816
414 7933
44 45
19 20
3
120
233
357
2882 7935
5564
7936
128
340 678
1294
1702
460
230
363
1671
7942 1385
1085
156 4622
1520
3
874
771 3614 19 323 1937
7943 7944 7945
187
156
3 4
19 20
1525
3365
7948
7949
132 860
1691 19 20
1713
7951
132 857
2242 20
495
4755
642
7952
7953
460 187
230 145 156
382
246 1520 1865
470
7956
4936
3053
1320 3 4 2230
165 180 182
617 156
7186
214
19 163 4
2162
213
343
883
187
187
50
191 4817
237
1866 951
261 7961
1286
4 94
14
4313 382
3715 19 20
162 4
4214
7816
4 471
1713
2835 7968
7970 7971 745
25
2587
7972 7973
7975
1283 825
68 2976
4
556 1109
20
883
20 849
230 2296
7977 7978
858 256
156 142
216
2190 104
7980
20 1849
237
7981 38
1999
475
4 7982 38
14 867 441
19
7983
5995 19 20 550
353 84
5995
187
50
1587
382
2211
2614
671
340 2747
102 19 20
504
2808
83
4303 4304
4305 4306
21
319 4
68 1063
142 432
2202
2709 20
40
1294 1464
19 20
483
1978
7989
3273
3424 292
273
7990 3385
19
2342 1976
638 132 169 406
7991
1849 7992 7993
19 20 425
281 182
1198
230 2381
1283 1680
19 20
291 54
675 676 677 4 7841 1250 643
3727
251
7999 2190
6012 733
1332 291 20 507
5613
85
182
50
3056
85 230 8003
195 387
672
3
566
8004 8005
690 4
92
14
553
20 2835
569
163
14
4096
141
8010 4 4849
39
608 8011
19
495
2283
2000
3 4 1634
68 21 5151
128
809
2368
179
433 128
376 191 162
50 8013 8014 2962
2047
414
2010
2959
615
608
8026
333
4 7193
1098 80
2281
20 1935 759 80
50
291 293 8027
3365 539 5336 2577
4
759
3025 237
1352
244 68 196 303
230
17 25
186
92 4
886
469
671 661 2591
3
8034
1903 8035
19 20 2467
8036
3 4
39
425
7
586
342
999
1347
396
19 20
183 4203
81
40
1858 425
754
145 156
19 20 68 205 84
4446
556 1800
8046
381 19
2222
3002
390 391
301
601 5113
747
810 1505 17
809
145 146
8049
1942 4572
142
2443 118
29
747
230 14
471
3385
3385
14
8050
768
8051 8052
180 182
179
281
460
704
251
1185
557
4452 20
1396
759 80
4
1396
1098 80
815
8053 862
200 8
1364
1016
81
1045
8054
2281
20
39 289 14 1127
20
32
19
68
340 68 94
292
831 10
20 298
495
163
553
2584
953
64 8063
17
83
690
1
19 20 251
427
60
1992 4
8065
427 7446
8066 8067
123
349
156
2195 816 444
2803 3931 425
3 4
1060
4864
8077
8078
431 2040
390 391
8079
8080
339
5755
128
295
128
4
195
665
957
7573 1796 784
5050
6449
460 142
145 156
49
700
2055
19 20
141
319 784
2312
68 2848
104 298
495
40
381
395 410
14
3 4555
187
156
120 92 4
886
70 3450
3
557 3474 453
86
3385
303 770
7399
985 6923
453
20 318
299 84 3043
1000
735
6849 5847 8082 292 40
92
145 156
3489
76
104
244 213
4655 320
5436
230 142
8085 8086 19
6589 8086 4 8088 8089 8090 8091
40
381
395 410
14
20
389 10
84
123 1180
3190
146
84 187
738 4819 807
19
552 3385
68 1978
8101
3
8103
156
8104
1651 3555
3231
1043
1992
2211
230 1857
349
183
681
80
8109
8110 5383
20
2468 1376 4 1836
8111 8112
8112
56
8113
4
39
425
40
20
428 4986
1868
4988 425
1016
7436
230 145 50
549
6951
3494
178 310 165 180 182
54
310 221 878
19 20 509
569
21
1037 1122
913
136 8122
120 301
60
156
19 20
40
3000
166
8123 244
382 884 885
81
291
8124 8125 2047 8126
2009 2010 5990 156 4546 4547 244 414 104
2047 5991 5088
4
8135
2047
4547 2044 784
414 2010 608 19 20
8140 145 584
54 585
180 182 3 4
104 849
1682
1863
291 54
297
4190
670
4697 883
39
32
729 4
20
295
3 4
8144 3
200
1166 3 85 1787
8145
2125 1097
2281
1397
4 805
338
417 501 137
389
1579
1382 1580
50
323 883 884 885
1104
3 85
128
111
2015 2047 5991
2010 156 4546 4547 162 4 414 19 20
19 20 68 479
601
5598
2592 1895
213
291 2055
672
3
68
5027 551
128
886
64 330
10 4 432
1510
195 166
19
169 406
8150
1917 1918
21 2113
3741 284 1250
5508
8153 284
183 3 4
700 8154 19 20
363
8155
306
129 807
8156 3 4
514 2544 19 20 5436
246 145 156
5334
986
54
14
1728 901 50
591 6972
162 4
8159 983
128
19 20
8160
8161
5622 203
425
162
1865 572 181 182
396
1694
128
1098
759 295
145 156
4 241
165
20
5801
8173
19
509
60
156
2203
64
3 550
2350 883
68
90
901 3500
2281
20
17 962
84
3 4
3812 919
129 1
230 145 156
7356 425
141
19 20 301
2195
6029
216
2350
7783 180 182
377
356 2488 670
54
38
3 984
301
94 3 4
5584
5911
20
470 214
42
4
6914
454
8187
101
20
84
101
721
4 196 387
363
390 391
323 784 233 8189
8190
4781 671 4
19 20
203
118 1486
25
5050
3622 2889 1520
104
495
618
2705
69
1906 4518 2738
1884
318
1725
739
8194 244 8195
6242
1873
3841
1671 8198 8199
460 220
579
60
156
8201 1000 5526 729 340 1284
244
104 129
1939 2056 6430
586
132 1198 20
1873
1286
574
2709
805
338
4882
417 501 137
501
120 19 20 298
1705
3624
4 431 160
5525
432 320
273
592 396
592 396
183
8206 1275
165
4288 92 4
3
2171 8210
4502
6083
3
495
1684 304
19
1935
1104 883 884 885
553
291 4795
19 323 228 229
445
8215
4307 8216
24
19 20 94
14
908 1122
3079 853 432
356
4400
759 80
4400
1098 80
771
3532
4687 80
908 585
356
4
1396
883 884
156
1286
441
815
187
50
441
132 515
145 1052
2866 5492
14 86
1915 4889
8223
50
953 3643
8224
187
145 156
4
20 100 4190
102 20 4
8237
8238
14 1700
352
3
8239 8063
1080
4 4071
1591
3077 251
722 336
1968
8242
1713
309 858 256
8250 3337
101
19 20
85 80
831
862
864 8252
128
1895
85 230 2040
4783
165
92 4783
4
8253 1098 80
1085
182 701
179
357
4
19 20
1394 2288
156
214
3245
162
179
1203
572 182
19 20
68
1527
60
29
60
8265 806
20 367
368 336
370
371 38
372
19 20
1795
5079 387
409
3
2125 1097
167
510
8268 387
2039
244
104 90
1320
102 19 20
504
2808
83
4303 4304
4305 4306
60 129 3 4 359
800 1204
417 382 1398
230
8269 8270 187 50
2834
8271 3618
94
333 4 120 54
156
182
4
52
1220
1910 1780
4469
363
19 20 701 3 246 1520 4
180 181 182
60
29
391
935
747
244
8277
3079
3
19
8278
183
8279
553
213 1364
8280 4 1348 199
60
29
1355
372
7602
24
323
216
3436
8281
809 3708 5099
7066
29 244
8286
1976
1694
182
1071
9 17
132 819
352 869
104 259 1198
5069
85 8293
455 284 770 8294
1510
8295
5952
5953 1324 162 4 19 20 1917 1918
747 1914 309
8296
2215 2010 5990 156 608
2048 2011 8299 8300 608
2047
8304
377
1203
572 182
19 20
4586 50 1820 3988
271
4916 4917
19 1116 4918 3290
4608
121
1845
340 6061
809 356
227 3 4
572 182
4 385
417 501 137
216
382 66 542
19
216 1065
14 412
8312
213 84
693
8315
6226 2732
470 2134
2296 14
104 700 45
1694
182
985
2976
156 425
4080
42
983
94
8317
25 20
4518 2032 3
199 1284
672
4
933 214
801
8318
4
951
10
665 180 182
179
291 319
672
3
121
77 343 68
354 3116 1358
10
6
39
83
25 20 962
1845
3 244
28
213
19 20
3 4 177
2088 164
179
357 87
828 2297
2020
862
287
388
292
1816
8325
182 1353 38
2564
187
145 50
3 2281
353 1427
75 382 83
1534
7783 4 466
648
165
182
801 94 20
363 237
84
85 80 3435
3436
3435
3437
142
441 4
38
20
1554
470
1362
165 230
219
425
472
107
336
68
4 213 84
92
156 425
291 431 160
983 230
672 4
182
10
665
8353
8354
60
29
2675
3663 8355
666 431 2988
3 4
5741
648
1327 230 1520
84
85 80 3435
3436
3435
3437
25 19 20 385
553 3 4 14
1386
4114
354
8359 1063
8360
1373
4 177
8366 230 1520
182
187
156
4162
8003
68
8367 1109 526
21 1650
101 1496
19 20 7540
6061 2506 84
4742
8370
8371
220
156
709
2211
3496
1171
19
2211
2175
1900 3498
683
1917 1918
3502 139
8373 8374
7406
428
1978 347
4 1544 387
700
390 391
700
6212
3574 1381
387
7956
8377 214
417
309
230 142
18 1705
784
20
1320
19 20 68 1682
4 196
385
417 501 137
2986
7110
19 20 627 214 4069 5469 883 8378
244 385
805
338
68 553 42
2732
18
291 642
4 4253
4488 4489
5158
8383
8385 1099 7855
323 62 706 640
1229 1969
80
1274 293 8387
1951
661 1000
244 385
417 501 137
561
70
230 257 1885 569
740
50
3
2226 320
20
45
6863 8390 68 196
810 811 183
390 391 3924 104 244 28
569 2887 19 323 2888
790 3723
963
257
3 237
39
146 3333
50 291
20 8391
1623 2858
495
8392
291 6609
19 323 883 884 1366 885
1104
162 85
2087 387
8393 5303
4320
156
8394
135 1543
43
44 45
425 472
1682
733 129
230 145 156
3 4
19 20 271
425
230
4978
675 676 677
387
700
1245
700
19 323 3953
4
162
7145 1542
8398
2005
230 370 8399
460
2097
654
8400
319
472
5374 806
70
302
303 304
553
84
1185
7816
2462
483
246 8412
1910
2211
1103 4365
25
297
800 3846
230 39
25
4420
229 3501
8312
3888
83
5022
4
8418
504 2845 19 20
2169 428 504
2991 749 94 1866
8419
340
8420
2244
8421
631 1866
2211
1109
8422
3296
21 220
3060
29
2986
1
3034 4216
942
672
20
39
3
92
299
914
19 323 4 182 507
914
68 914 5690
85 507
8424
502
8425
586
192
121
2203
58
8427 942
901 306
183 4
810 811
86
29
417 501 137
338 21 1064
10
306
1445 445 3830
735
3595 8429 706
220
141
68 219 1212
301
675 676 784
1127
1438
784
19 20
2799
538
83
390
339
8439
15 1242 84 626
128 187 146
192
309 2726
675
8441 333 4 5910 20
320
2531
979 3 4
3
1220
323 1713
162 4 385
2803
117
237
1889
4 83 907 121
92
933
1063 1525
4
678 1762
8443
1000
8447
8448 2184
1010 1339
8449 1364 5937
8450
1294 1446
690 19 20
8451
3880
142
441
17
2594
111
985 187
145 156 425
88
4261
7193 244
2991 749
5303
1453
8393
4320
1445
7783
8454 8455
25
17 743
1397
495 68 236
1330
411 1216
180
231
232
19 20
3 4
5 6
7 8 9 10
11 12 13
32
40
638 10
2991
1198
19 20
68
3548 1109
178 162
180 182 84
39
671 1477
1 192 4910
38 672 333
704 310 182 159 1833
1071
382
8459
7318
107
3300
84 1121
3800
8462
41
20 68 4446
85 676 229
107
8463
3043
38
1999 4 4849
39
1514
2312 7647
878
642 1126
8467
608 615
2044
608
1256 2010 293 608 2044
104
70
91 5828 425
2342 1353
8473
795
933
2547 5491
4
1098 80
20
759 14
3013
3014
19 20 342
7516
66 4988
4461
219
124 142 642
64
40
417 66 501 137
137
915 247
353 120 354
162
179
1203
572 182
19 20
4446
104
514 297
246 1857
156 545
299
156 545
2136 1857
1978
230 1520 2155
1102
4
19 20 8483
1234
1073 7494
8484
6683
3
8486
5582 831
237 1866
50
141 85 230 237
7354
675 676 677 3727
1486 432 320
187
50
318
2348 802
391 8265
84
319 8488 403
128
1000
3724
20 8489 703 156 1187 1281
257 569 8490
741 8491
495
19 20
339
56
3252 1190
196
107
2296
120
17
3822 147 790
85 572 182
179
1032
19 20
2794
874 381
79 182 133
541 8498
60
50
258 340 4214
186
8502
430 182 648
360
4
1845
3452
3
460
441
120
141 20 2456 4
182
852
44 45
460 244 5407
1204
8514 3445
8515 1018 2260
130
3 4
5 6
7 8 9 10
11 12 13
825
566
2991 851
10
4 3493 1187 182 701
354 54 672
3
90
19 20
471
4354
336
187
145 146
301
460
